26/Jan/2017:13:32:32, 242, 1130, 1 
26/Jan/2017:13:32:32, 746, 2215, 2 
26/Jan/2017:13:32:32, 242, 1130, 1 
26/Jan/2017:13:32:32, 746, 2250, 2 
26/Jan/2017:13:32:32, 242, 1110, 1 
26/Jan/2017:13:32:32, 746, 2235, 2 
26/Jan/2017:13:32:32, 242, 1120, 1 
26/Jan/2017:13:32:32, 746, 2235, 2 
26/Jan/2017:13:32:32, 242, 1110, 1 
26/Jan/2017:13:32:32, 746, 2250, 2 
26/Jan/2017:13:32:32, 242, 1130, 1 
26/Jan/2017:13:32:32, 746, 2225, 2 
26/Jan/2017:13:32:32, 242, 1110, 1 
26/Jan/2017:13:32:32, 746, 2220, 2 
26/Jan/2017:13:32:32, 242, 1120, 1 
26/Jan/2017:13:32:32, 746, 2210, 2 
26/Jan/2017:13:32:32, 242, 1140, 1 
26/Jan/2017:13:32:32, 746, 2225, 2 
26/Jan/2017:13:32:32, 242, 1140, 1 
26/Jan/2017:13:32:32, 746, 2240, 2 
26/Jan/2017:13:32:32, 242, 1110, 1 
26/Jan/2017:13:32:32, 746, 225, 2 
26/Jan/2017:13:32:32, 242, 1110, 1 
26/Jan/2017:13:32:32, 746, 2245, 2 
26/Jan/2017:13:32:32, 242, 1150, 1 
26/Jan/2017:13:32:32, 746, 2230, 2 
26/Jan/2017:13:32:32, 242, 1140, 1 
26/Jan/2017:13:32:32, 746, 2235, 2 
26/Jan/2017:13:32:32, 242, 1150, 1 
26/Jan/2017:13:32:32, 746, 2230, 2 
26/Jan/2017:13:32:32, 242, 1140, 1 
26/Jan/2017:13:32:32, 746, 2235, 2 
26/Jan/2017:13:32:32, 242, 1130, 1 
26/Jan/2017:13:32:32, 746, 2210, 2 
26/Jan/2017:13:32:32, 242, 1140, 1 
26/Jan/2017:13:32:32, 746, 2235, 2 
26/Jan/2017:13:32:32, 614, 1110, 1 
26/Jan/2017:13:32:32, 683, 2225, 2 
26/Jan/2017:13:32:32, 959, 1110, 1 
26/Jan/2017:13:32:32, 418, 2250, 2 
26/Jan/2017:13:32:32, 959, 1120, 1 
26/Jan/2017:13:32:32, 418, 2250, 2 
26/Jan/2017:13:32:32, 959, 1110, 1 
26/Jan/2017:13:32:32, 418, 2210, 2 
26/Jan/2017:13:32:32, 959, 1150, 1 
26/Jan/2017:13:32:32, 418, 2215, 2 
26/Jan/2017:13:32:32, 959, 1120, 1 
26/Jan/2017:13:32:32, 418, 2220, 2 
26/Jan/2017:13:32:32, 959, 1140, 1 
26/Jan/2017:13:32:32, 418, 2225, 2 
26/Jan/2017:13:32:32, 959, 1140, 1 
26/Jan/2017:13:32:32, 418, 2240, 2 
26/Jan/2017:13:32:32, 959, 1130, 1 
26/Jan/2017:13:32:32, 418, 2235, 2 
26/Jan/2017:13:32:32, 959, 1120, 1 
26/Jan/2017:13:32:32, 418, 225, 2 
26/Jan/2017:13:32:32, 959, 1110, 1 
26/Jan/2017:13:32:32, 418, 2210, 2 
26/Jan/2017:13:32:32, 60, 1110, 1 
26/Jan/2017:13:32:32, 472, 2245, 2 
26/Jan/2017:13:32:32, 452, 1120, 1 
26/Jan/2017:13:32:32, 52, 2230, 2 
26/Jan/2017:13:32:32, 452, 1120, 1 
26/Jan/2017:13:32:32, 52, 2250, 2 
26/Jan/2017:13:32:32, 452, 1140, 1 
26/Jan/2017:13:32:32, 52, 2215, 2 
26/Jan/2017:13:32:32, 452, 1150, 1 
26/Jan/2017:13:32:32, 52, 2215, 2 
26/Jan/2017:13:32:32, 452, 1110, 1 
26/Jan/2017:13:32:32, 52, 2230, 2 
26/Jan/2017:13:32:32, 452, 1150, 1 
26/Jan/2017:13:32:32, 52, 2235, 2 
26/Jan/2017:13:32:32, 452, 1150, 1 
26/Jan/2017:13:32:32, 52, 2230, 2 
26/Jan/2017:13:32:32, 452, 1150, 1 
26/Jan/2017:13:32:32, 52, 2230, 2 
26/Jan/2017:13:32:32, 452, 1140, 1 
26/Jan/2017:13:32:32, 52, 2220, 2 
26/Jan/2017:13:32:32, 452, 1150, 1 
26/Jan/2017:13:32:32, 52, 2220, 2 
26/Jan/2017:13:32:32, 452, 1140, 1 
26/Jan/2017:13:32:32, 52, 2245, 2 
26/Jan/2017:13:32:32, 452, 1140, 1 
26/Jan/2017:13:32:32, 52, 225, 2 
26/Jan/2017:13:32:32, 452, 1110, 1 
26/Jan/2017:13:32:32, 52, 2220, 2 
26/Jan/2017:13:32:32, 452, 1150, 1 
26/Jan/2017:13:32:32, 52, 2225, 2 
26/Jan/2017:13:32:32, 452, 1140, 1 
26/Jan/2017:13:32:32, 52, 2245, 2 
26/Jan/2017:13:32:32, 452, 1150, 1 
26/Jan/2017:13:32:32, 52, 2215, 2 
26/Jan/2017:13:32:32, 452, 1140, 1 
26/Jan/2017:13:32:32, 52, 2220, 2 
26/Jan/2017:13:32:32, 120, 1110, 1 
26/Jan/2017:13:32:32, 488, 2240, 2 
26/Jan/2017:13:32:32, 120, 1120, 1 
26/Jan/2017:13:32:32, 488, 2245, 2 
26/Jan/2017:13:32:32, 120, 1130, 1 
26/Jan/2017:13:32:32, 488, 2240, 2 
26/Jan/2017:13:32:32, 120, 1110, 1 
26/Jan/2017:13:32:32, 488, 2220, 2 
26/Jan/2017:13:32:32, 120, 1110, 1 
26/Jan/2017:13:32:32, 488, 2240, 2 
26/Jan/2017:13:32:32, 120, 1120, 1 
26/Jan/2017:13:32:32, 488, 2250, 2 
26/Jan/2017:13:32:32, 120, 1150, 1 
26/Jan/2017:13:32:32, 488, 2210, 2 
26/Jan/2017:13:32:32, 120, 1110, 1 
26/Jan/2017:13:32:32, 488, 2250, 2 
26/Jan/2017:13:32:32, 120, 1150, 1 
26/Jan/2017:13:32:32, 488, 2250, 2 
26/Jan/2017:13:32:32, 885, 1140, 1 
26/Jan/2017:13:32:32, 44, 2220, 2 
26/Jan/2017:13:32:32, 885, 1120, 1 
26/Jan/2017:13:32:32, 44, 2210, 2 
26/Jan/2017:13:32:32, 210, 1110, 1 
26/Jan/2017:13:32:32, 794, 2250, 2 
26/Jan/2017:13:32:32, 210, 1140, 1 
26/Jan/2017:13:32:32, 794, 2230, 2 
26/Jan/2017:13:32:32, 210, 1130, 1 
26/Jan/2017:13:32:32, 794, 2215, 2 
26/Jan/2017:13:32:32, 210, 1140, 1 
26/Jan/2017:13:32:32, 794, 2220, 2 
26/Jan/2017:13:32:32, 210, 1140, 1 
26/Jan/2017:13:32:32, 794, 2240, 2 
26/Jan/2017:13:32:32, 210, 1140, 1 
26/Jan/2017:13:32:32, 794, 2250, 2 
26/Jan/2017:13:32:32, 210, 1150, 1 
26/Jan/2017:13:32:32, 794, 2235, 2 
26/Jan/2017:13:32:32, 210, 1130, 1 
26/Jan/2017:13:32:32, 794, 2235, 2 
26/Jan/2017:13:32:32, 573, 1110, 1 
26/Jan/2017:13:32:32, 973, 2245, 2 
26/Jan/2017:13:32:32, 163, 1130, 1 
26/Jan/2017:13:32:32, 609, 2220, 2 
26/Jan/2017:13:32:32, 163, 1120, 1 
26/Jan/2017:13:32:32, 609, 225, 2 
26/Jan/2017:13:32:32, 163, 1120, 1 
26/Jan/2017:13:32:32, 609, 2210, 2 
26/Jan/2017:13:32:32, 163, 1120, 1 
26/Jan/2017:13:32:32, 609, 2215, 2 
26/Jan/2017:13:32:32, 163, 1140, 1 
26/Jan/2017:13:32:32, 609, 225, 2 
26/Jan/2017:13:32:32, 163, 1120, 1 
26/Jan/2017:13:32:32, 609, 2225, 2 
26/Jan/2017:13:32:32, 231, 1120, 1 
26/Jan/2017:13:32:32, 198, 2225, 2 
26/Jan/2017:13:32:32, 339, 1150, 1 
26/Jan/2017:13:32:32, 757, 2230, 2 
26/Jan/2017:13:32:32, 339, 1110, 1 
26/Jan/2017:13:32:32, 757, 2210, 2 
26/Jan/2017:13:32:32, 339, 1150, 1 
26/Jan/2017:13:32:32, 757, 225, 2 
26/Jan/2017:13:32:32, 339, 1150, 1 
26/Jan/2017:13:32:32, 757, 2235, 2 
26/Jan/2017:13:32:32, 339, 1110, 1 
26/Jan/2017:13:32:32, 757, 2230, 2 
26/Jan/2017:13:32:32, 339, 1110, 1 
26/Jan/2017:13:32:32, 757, 2210, 2 
26/Jan/2017:13:32:32, 339, 1120, 1 
26/Jan/2017:13:32:32, 757, 2215, 2 
26/Jan/2017:13:32:32, 339, 1110, 1 
26/Jan/2017:13:32:32, 757, 2225, 2 
26/Jan/2017:13:32:32, 339, 1140, 1 
26/Jan/2017:13:32:32, 757, 2220, 2 
26/Jan/2017:13:32:32, 339, 1140, 1 
26/Jan/2017:13:32:32, 757, 2240, 2 
26/Jan/2017:13:32:32, 339, 1140, 1 
26/Jan/2017:13:32:32, 757, 2235, 2 
26/Jan/2017:13:32:32, 339, 1150, 1 
26/Jan/2017:13:32:32, 757, 2225, 2 
26/Jan/2017:13:32:32, 339, 1130, 1 
26/Jan/2017:13:32:32, 757, 2220, 2 
26/Jan/2017:13:32:32, 339, 1140, 1 
26/Jan/2017:13:32:32, 757, 2215, 2 
26/Jan/2017:13:32:32, 339, 1150, 1 
26/Jan/2017:13:32:32, 757, 2215, 2 
26/Jan/2017:13:32:32, 339, 1120, 1 
26/Jan/2017:13:32:32, 757, 2250, 2 
26/Jan/2017:13:32:32, 339, 1150, 1 
26/Jan/2017:13:32:32, 757, 2220, 2 
26/Jan/2017:13:32:32, 339, 1120, 1 
26/Jan/2017:13:32:32, 757, 2210, 2 
26/Jan/2017:13:32:32, 339, 1140, 1 
26/Jan/2017:13:32:32, 757, 2245, 2 
26/Jan/2017:13:32:32, 937, 1120, 1 
26/Jan/2017:13:32:32, 228, 2245, 2 
26/Jan/2017:13:32:32, 937, 1140, 1 
26/Jan/2017:13:32:32, 228, 2250, 2 
26/Jan/2017:13:32:32, 693, 1120, 1 
26/Jan/2017:13:32:32, 572, 2230, 2 
26/Jan/2017:13:32:32, 693, 1110, 1 
26/Jan/2017:13:32:32, 572, 2210, 2 
26/Jan/2017:13:32:32, 693, 1140, 1 
26/Jan/2017:13:32:32, 572, 2250, 2 
26/Jan/2017:13:32:32, 693, 1140, 1 
26/Jan/2017:13:32:32, 572, 2235, 2 
26/Jan/2017:13:32:32, 693, 1130, 1 
26/Jan/2017:13:32:32, 572, 2225, 2 
26/Jan/2017:13:32:32, 600, 1150, 1 
26/Jan/2017:13:32:32, 474, 2220, 2 
26/Jan/2017:13:32:32, 600, 1120, 1 
26/Jan/2017:13:32:32, 474, 2215, 2 
26/Jan/2017:13:32:32, 600, 1130, 1 
26/Jan/2017:13:32:32, 474, 2250, 2 
26/Jan/2017:13:32:32, 600, 1140, 1 
26/Jan/2017:13:32:32, 474, 2250, 2 
26/Jan/2017:13:32:32, 600, 1140, 1 
26/Jan/2017:13:32:32, 474, 2210, 2 
26/Jan/2017:13:32:32, 199, 1130, 1 
26/Jan/2017:13:32:32, 126, 2220, 2 
26/Jan/2017:13:32:32, 199, 1150, 1 
26/Jan/2017:13:32:32, 126, 2220, 2 
26/Jan/2017:13:32:32, 199, 1130, 1 
26/Jan/2017:13:32:32, 126, 2245, 2 
26/Jan/2017:13:32:32, 199, 1140, 1 
26/Jan/2017:13:32:32, 126, 2235, 2 
26/Jan/2017:13:32:32, 199, 1110, 1 
26/Jan/2017:13:32:32, 126, 2235, 2 
26/Jan/2017:13:32:32, 199, 1140, 1 
26/Jan/2017:13:32:32, 126, 2240, 2 
26/Jan/2017:13:32:32, 199, 1110, 1 
26/Jan/2017:13:32:32, 126, 2245, 2 
26/Jan/2017:13:32:32, 199, 1110, 1 
26/Jan/2017:13:32:32, 126, 2250, 2 
26/Jan/2017:13:32:32, 199, 1110, 1 
26/Jan/2017:13:32:32, 126, 2225, 2 
26/Jan/2017:13:32:32, 199, 1120, 1 
26/Jan/2017:13:32:32, 126, 2230, 2 
26/Jan/2017:13:32:32, 565, 1140, 1 
26/Jan/2017:13:32:32, 538, 2245, 2 
26/Jan/2017:13:32:32, 565, 1140, 1 
26/Jan/2017:13:32:32, 538, 2230, 2 
26/Jan/2017:13:32:32, 565, 1110, 1 
26/Jan/2017:13:32:32, 538, 2240, 2 
26/Jan/2017:13:32:32, 892, 1150, 1 
26/Jan/2017:13:32:32, 81, 2240, 2 
26/Jan/2017:13:32:32, 892, 1150, 1 
26/Jan/2017:13:32:32, 81, 2210, 2 
26/Jan/2017:13:32:32, 892, 1140, 1 
26/Jan/2017:13:32:32, 81, 2215, 2 
26/Jan/2017:13:32:32, 892, 1120, 1 
26/Jan/2017:13:32:32, 81, 2235, 2 
26/Jan/2017:13:32:32, 892, 1140, 1 
26/Jan/2017:13:32:32, 81, 2215, 2 
26/Jan/2017:13:32:32, 892, 1140, 1 
26/Jan/2017:13:32:32, 81, 2235, 2 
26/Jan/2017:13:32:32, 892, 1150, 1 
26/Jan/2017:13:32:32, 81, 2215, 2 
26/Jan/2017:13:32:32, 892, 1140, 1 
26/Jan/2017:13:32:32, 81, 2245, 2 
26/Jan/2017:13:32:32, 892, 1150, 1 
26/Jan/2017:13:32:32, 81, 2250, 2 
26/Jan/2017:13:32:32, 892, 1130, 1 
26/Jan/2017:13:32:32, 81, 2230, 2 
26/Jan/2017:13:32:32, 892, 1110, 1 
26/Jan/2017:13:32:32, 81, 2240, 2 
26/Jan/2017:13:32:32, 539, 1140, 1 
26/Jan/2017:13:32:32, 398, 2210, 2 
26/Jan/2017:13:32:32, 539, 1110, 1 
26/Jan/2017:13:32:32, 398, 225, 2 
26/Jan/2017:13:32:32, 539, 1150, 1 
26/Jan/2017:13:32:32, 398, 2220, 2 
26/Jan/2017:13:32:32, 539, 1150, 1 
26/Jan/2017:13:32:32, 398, 2250, 2 
26/Jan/2017:13:32:32, 114, 1120, 1 
26/Jan/2017:13:32:32, 332, 2250, 2 
26/Jan/2017:13:32:32, 110, 1130, 1 
26/Jan/2017:13:32:32, 4, 2220, 2 
26/Jan/2017:13:32:32, 110, 1130, 1 
26/Jan/2017:13:32:32, 4, 2240, 2 
26/Jan/2017:13:32:32, 110, 1150, 1 
26/Jan/2017:13:32:32, 4, 2215, 2 
26/Jan/2017:13:32:32, 110, 1120, 1 
26/Jan/2017:13:32:32, 4, 2215, 2 
26/Jan/2017:13:32:32, 110, 1150, 1 
26/Jan/2017:13:32:32, 4, 2210, 2 
26/Jan/2017:13:32:32, 623, 1130, 1 
26/Jan/2017:13:32:32, 218, 2240, 2 
26/Jan/2017:13:32:32, 623, 1150, 1 
26/Jan/2017:13:32:32, 218, 2240, 2 
26/Jan/2017:13:32:32, 623, 1140, 1 
26/Jan/2017:13:32:32, 218, 2240, 2 
26/Jan/2017:13:32:32, 623, 1130, 1 
26/Jan/2017:13:32:32, 218, 2225, 2 
26/Jan/2017:13:32:32, 480, 1110, 1 
26/Jan/2017:13:32:32, 438, 2235, 2 
26/Jan/2017:13:32:32, 480, 1130, 1 
26/Jan/2017:13:32:32, 438, 2240, 2 
26/Jan/2017:13:32:32, 480, 1150, 1 
26/Jan/2017:13:32:32, 438, 2245, 2 
26/Jan/2017:13:32:32, 480, 1130, 1 
26/Jan/2017:13:32:32, 438, 225, 2 
26/Jan/2017:13:32:32, 480, 1140, 1 
26/Jan/2017:13:32:32, 438, 2225, 2 
26/Jan/2017:13:32:32, 480, 1150, 1 
26/Jan/2017:13:32:32, 438, 2230, 2 
26/Jan/2017:13:32:32, 480, 1130, 1 
26/Jan/2017:13:32:32, 438, 2245, 2 
26/Jan/2017:13:32:32, 38, 1110, 1 
26/Jan/2017:13:32:32, 731, 225, 2 
26/Jan/2017:13:32:32, 38, 1150, 1 
26/Jan/2017:13:32:32, 731, 2230, 2 
26/Jan/2017:13:32:32, 38, 1150, 1 
26/Jan/2017:13:32:32, 731, 2240, 2 
26/Jan/2017:13:32:32, 38, 1130, 1 
26/Jan/2017:13:32:32, 731, 2250, 2 
26/Jan/2017:13:32:32, 38, 1150, 1 
26/Jan/2017:13:32:32, 731, 2230, 2 
26/Jan/2017:13:32:32, 38, 1140, 1 
26/Jan/2017:13:32:32, 731, 2220, 2 
26/Jan/2017:13:32:32, 38, 1130, 1 
26/Jan/2017:13:32:32, 731, 225, 2 
26/Jan/2017:13:32:32, 38, 1130, 1 
26/Jan/2017:13:32:32, 731, 2250, 2 
26/Jan/2017:13:32:32, 38, 1110, 1 
26/Jan/2017:13:32:32, 731, 2220, 2 
26/Jan/2017:13:32:32, 38, 1110, 1 
26/Jan/2017:13:32:32, 731, 2220, 2 
26/Jan/2017:13:32:32, 38, 1110, 1 
26/Jan/2017:13:32:32, 731, 2220, 2 
26/Jan/2017:13:32:32, 38, 1130, 1 
26/Jan/2017:13:32:32, 731, 2230, 2 
26/Jan/2017:13:32:32, 38, 1140, 1 
26/Jan/2017:13:32:32, 731, 2220, 2 
26/Jan/2017:13:32:32, 38, 1140, 1 
26/Jan/2017:13:32:32, 731, 2250, 2 
26/Jan/2017:13:32:32, 38, 1130, 1 
26/Jan/2017:13:32:32, 731, 2210, 2 
26/Jan/2017:13:32:32, 38, 1140, 1 
26/Jan/2017:13:32:32, 731, 2235, 2 
26/Jan/2017:13:32:32, 38, 1120, 1 
26/Jan/2017:13:32:32, 731, 2240, 2 
26/Jan/2017:13:32:32, 38, 1130, 1 
26/Jan/2017:13:32:32, 731, 2225, 2 
26/Jan/2017:13:32:32, 38, 1110, 1 
26/Jan/2017:13:32:32, 731, 2225, 2 
26/Jan/2017:13:32:32, 38, 1110, 1 
26/Jan/2017:13:32:32, 731, 2250, 2 
26/Jan/2017:13:32:32, 38, 1150, 1 
26/Jan/2017:13:32:32, 731, 2210, 2 
26/Jan/2017:13:32:32, 38, 1120, 1 
26/Jan/2017:13:32:32, 731, 2240, 2 
26/Jan/2017:13:32:32, 38, 1110, 1 
26/Jan/2017:13:32:32, 731, 2250, 2 
26/Jan/2017:13:32:32, 38, 1120, 1 
26/Jan/2017:13:32:32, 731, 2215, 2 
26/Jan/2017:13:32:32, 38, 1140, 1 
26/Jan/2017:13:32:32, 731, 2230, 2 
26/Jan/2017:13:32:32, 38, 1120, 1 
26/Jan/2017:13:32:32, 731, 2240, 2 
26/Jan/2017:13:32:32, 38, 1150, 1 
26/Jan/2017:13:32:32, 731, 2250, 2 
26/Jan/2017:13:32:32, 38, 1130, 1 
26/Jan/2017:13:32:32, 731, 225, 2 
26/Jan/2017:13:32:32, 38, 1150, 1 
26/Jan/2017:13:32:32, 731, 2220, 2 
26/Jan/2017:13:32:32, 38, 1150, 1 
26/Jan/2017:13:32:32, 731, 2235, 2 
26/Jan/2017:13:32:32, 38, 1140, 1 
26/Jan/2017:13:32:32, 731, 2220, 2 
26/Jan/2017:13:32:32, 295, 1150, 1 
26/Jan/2017:13:32:32, 314, 2215, 2 
26/Jan/2017:13:32:32, 295, 1110, 1 
26/Jan/2017:13:32:32, 314, 2245, 2 
26/Jan/2017:13:32:32, 295, 1150, 1 
26/Jan/2017:13:32:32, 314, 2235, 2 
26/Jan/2017:13:32:32, 295, 1120, 1 
26/Jan/2017:13:32:32, 314, 2225, 2 
26/Jan/2017:13:32:32, 295, 1140, 1 
26/Jan/2017:13:32:32, 314, 2215, 2 
26/Jan/2017:13:32:32, 295, 1130, 1 
26/Jan/2017:13:32:32, 314, 2245, 2 
26/Jan/2017:13:32:32, 295, 1140, 1 
26/Jan/2017:13:32:32, 314, 2235, 2 
26/Jan/2017:13:32:32, 295, 1150, 1 
26/Jan/2017:13:32:32, 314, 2220, 2 
26/Jan/2017:13:32:32, 295, 1150, 1 
26/Jan/2017:13:32:32, 314, 2235, 2 
26/Jan/2017:13:32:32, 295, 1140, 1 
26/Jan/2017:13:32:32, 314, 2250, 2 
26/Jan/2017:13:32:32, 295, 1140, 1 
26/Jan/2017:13:32:32, 314, 2250, 2 
26/Jan/2017:13:32:32, 295, 1150, 1 
26/Jan/2017:13:32:32, 314, 2210, 2 
26/Jan/2017:13:32:32, 295, 1120, 1 
26/Jan/2017:13:32:32, 314, 2230, 2 
26/Jan/2017:13:32:32, 295, 1150, 1 
26/Jan/2017:13:32:32, 314, 2215, 2 
26/Jan/2017:13:32:32, 295, 1110, 1 
26/Jan/2017:13:32:32, 314, 2235, 2 
26/Jan/2017:13:32:32, 295, 1150, 1 
26/Jan/2017:13:32:32, 314, 2235, 2 
26/Jan/2017:13:32:32, 295, 1120, 1 
26/Jan/2017:13:32:32, 314, 2210, 2 
26/Jan/2017:13:32:32, 295, 1130, 1 
26/Jan/2017:13:32:32, 314, 2235, 2 
26/Jan/2017:13:32:32, 812, 1110, 1 
26/Jan/2017:13:32:32, 581, 225, 2 
26/Jan/2017:13:32:32, 812, 1110, 1 
26/Jan/2017:13:32:32, 581, 2220, 2 
26/Jan/2017:13:32:32, 812, 1110, 1 
26/Jan/2017:13:32:32, 581, 2250, 2 
26/Jan/2017:13:32:32, 812, 1130, 1 
26/Jan/2017:13:32:32, 581, 2215, 2 
26/Jan/2017:13:32:32, 103, 1140, 1 
26/Jan/2017:13:32:32, 810, 2230, 2 
26/Jan/2017:13:32:32, 103, 1140, 1 
26/Jan/2017:13:32:32, 810, 2235, 2 
26/Jan/2017:13:32:32, 103, 1140, 1 
26/Jan/2017:13:32:32, 810, 2210, 2 
26/Jan/2017:13:32:32, 103, 1130, 1 
26/Jan/2017:13:32:32, 810, 2245, 2 
26/Jan/2017:13:32:32, 103, 1110, 1 
26/Jan/2017:13:32:32, 810, 2230, 2 
26/Jan/2017:13:32:32, 103, 1130, 1 
26/Jan/2017:13:32:32, 810, 2250, 2 
26/Jan/2017:13:32:32, 103, 1130, 1 
26/Jan/2017:13:32:32, 810, 225, 2 
26/Jan/2017:13:32:32, 103, 1140, 1 
26/Jan/2017:13:32:32, 810, 2240, 2 
26/Jan/2017:13:32:32, 103, 1130, 1 
26/Jan/2017:13:32:32, 810, 2215, 2 
26/Jan/2017:13:32:32, 103, 1120, 1 
26/Jan/2017:13:32:32, 810, 225, 2 
26/Jan/2017:13:32:32, 103, 1120, 1 
26/Jan/2017:13:32:32, 810, 2210, 2 
26/Jan/2017:13:32:32, 61, 1130, 1 
26/Jan/2017:13:32:32, 906, 2215, 2 
26/Jan/2017:13:32:32, 156, 1120, 1 
26/Jan/2017:13:32:32, 719, 2210, 2 
26/Jan/2017:13:32:32, 156, 1150, 1 
26/Jan/2017:13:32:32, 719, 2240, 2 
26/Jan/2017:13:32:32, 156, 1120, 1 
26/Jan/2017:13:32:32, 719, 2250, 2 
26/Jan/2017:13:32:32, 156, 1110, 1 
26/Jan/2017:13:32:32, 719, 2245, 2 
26/Jan/2017:13:32:32, 156, 1120, 1 
26/Jan/2017:13:32:32, 719, 2215, 2 
26/Jan/2017:13:32:32, 156, 1150, 1 
26/Jan/2017:13:32:32, 719, 2225, 2 
26/Jan/2017:13:32:32, 156, 1120, 1 
26/Jan/2017:13:32:32, 719, 2250, 2 
26/Jan/2017:13:32:32, 419, 1140, 1 
26/Jan/2017:13:32:32, 46, 2250, 2 
26/Jan/2017:13:32:32, 419, 1150, 1 
26/Jan/2017:13:32:32, 46, 2225, 2 
26/Jan/2017:13:32:32, 419, 1140, 1 
26/Jan/2017:13:32:32, 46, 2215, 2 
26/Jan/2017:13:32:32, 419, 1110, 1 
26/Jan/2017:13:32:32, 46, 2230, 2 
26/Jan/2017:13:32:32, 419, 1150, 1 
26/Jan/2017:13:32:32, 46, 2240, 2 
26/Jan/2017:13:32:32, 419, 1130, 1 
26/Jan/2017:13:32:32, 46, 2210, 2 
26/Jan/2017:13:32:32, 419, 1150, 1 
26/Jan/2017:13:32:32, 46, 2225, 2 
26/Jan/2017:13:32:32, 419, 1140, 1 
26/Jan/2017:13:32:32, 46, 2250, 2 
26/Jan/2017:13:32:32, 419, 1120, 1 
26/Jan/2017:13:32:32, 46, 2250, 2 
26/Jan/2017:13:32:32, 178, 1120, 1 
26/Jan/2017:13:32:32, 967, 2245, 2 
26/Jan/2017:13:32:32, 178, 1130, 1 
26/Jan/2017:13:32:32, 967, 2235, 2 
26/Jan/2017:13:32:32, 178, 1120, 1 
26/Jan/2017:13:32:32, 967, 2240, 2 
26/Jan/2017:13:32:32, 70, 1120, 1 
26/Jan/2017:13:32:32, 941, 2225, 2 
26/Jan/2017:13:32:32, 651, 1110, 1 
26/Jan/2017:13:32:32, 814, 2235, 2 
26/Jan/2017:13:32:32, 651, 1140, 1 
26/Jan/2017:13:32:32, 814, 2225, 2 
26/Jan/2017:13:32:32, 651, 1110, 1 
26/Jan/2017:13:32:32, 814, 2225, 2 
26/Jan/2017:13:32:32, 651, 1150, 1 
26/Jan/2017:13:32:32, 814, 2235, 2 
26/Jan/2017:13:32:32, 651, 1130, 1 
26/Jan/2017:13:32:32, 814, 2210, 2 
26/Jan/2017:13:32:32, 721, 1110, 1 
26/Jan/2017:13:32:32, 744, 225, 2 
26/Jan/2017:13:32:32, 721, 1120, 1 
26/Jan/2017:13:32:32, 744, 2225, 2 
26/Jan/2017:13:32:32, 721, 1120, 1 
26/Jan/2017:13:32:32, 744, 2230, 2 
26/Jan/2017:13:32:32, 721, 1110, 1 
26/Jan/2017:13:32:32, 744, 2245, 2 
26/Jan/2017:13:32:32, 721, 1130, 1 
26/Jan/2017:13:32:32, 744, 225, 2 
26/Jan/2017:13:32:32, 721, 1110, 1 
26/Jan/2017:13:32:32, 744, 2250, 2 
26/Jan/2017:13:32:32, 721, 1140, 1 
26/Jan/2017:13:32:32, 744, 2215, 2 
26/Jan/2017:13:32:32, 721, 1110, 1 
26/Jan/2017:13:32:32, 744, 2235, 2 
26/Jan/2017:13:32:32, 721, 1140, 1 
26/Jan/2017:13:32:32, 744, 2250, 2 
26/Jan/2017:13:32:32, 721, 1110, 1 
26/Jan/2017:13:32:32, 744, 2220, 2 
26/Jan/2017:13:32:32, 597, 1150, 1 
26/Jan/2017:13:32:32, 445, 2250, 2 
26/Jan/2017:13:32:32, 597, 1150, 1 
26/Jan/2017:13:32:32, 445, 2240, 2 
26/Jan/2017:13:32:32, 597, 1110, 1 
26/Jan/2017:13:32:32, 445, 2220, 2 
26/Jan/2017:13:32:32, 597, 1130, 1 
26/Jan/2017:13:32:32, 445, 2210, 2 
26/Jan/2017:13:32:32, 597, 1110, 1 
26/Jan/2017:13:32:32, 445, 2245, 2 
26/Jan/2017:13:32:32, 597, 1140, 1 
26/Jan/2017:13:32:32, 445, 2215, 2 
26/Jan/2017:13:32:32, 597, 1150, 1 
26/Jan/2017:13:32:32, 445, 2210, 2 
26/Jan/2017:13:32:32, 597, 1120, 1 
26/Jan/2017:13:32:32, 445, 2240, 2 
26/Jan/2017:13:32:32, 291, 1110, 1 
26/Jan/2017:13:32:32, 325, 2215, 2 
26/Jan/2017:13:32:32, 291, 1120, 1 
26/Jan/2017:13:32:32, 325, 2240, 2 
26/Jan/2017:13:32:32, 291, 1150, 1 
26/Jan/2017:13:32:32, 325, 2210, 2 
26/Jan/2017:13:32:32, 895, 1120, 1 
26/Jan/2017:13:32:32, 883, 2245, 2 
26/Jan/2017:13:32:32, 895, 1130, 1 
26/Jan/2017:13:32:32, 883, 2240, 2 
26/Jan/2017:13:32:32, 895, 1140, 1 
26/Jan/2017:13:32:32, 883, 2220, 2 
26/Jan/2017:13:32:32, 895, 1130, 1 
26/Jan/2017:13:32:32, 883, 2210, 2 
26/Jan/2017:13:32:32, 895, 1130, 1 
26/Jan/2017:13:32:32, 883, 2220, 2 
26/Jan/2017:13:32:32, 895, 1110, 1 
26/Jan/2017:13:32:32, 883, 2210, 2 
26/Jan/2017:13:32:32, 895, 1150, 1 
26/Jan/2017:13:32:32, 883, 2220, 2 
26/Jan/2017:13:32:32, 895, 1150, 1 
26/Jan/2017:13:32:32, 883, 2225, 2 
26/Jan/2017:13:32:32, 895, 1130, 1 
26/Jan/2017:13:32:32, 883, 225, 2 
26/Jan/2017:13:32:32, 895, 1130, 1 
26/Jan/2017:13:32:32, 883, 2235, 2 
26/Jan/2017:13:32:32, 895, 1140, 1 
26/Jan/2017:13:32:32, 883, 2245, 2 
26/Jan/2017:13:32:32, 895, 1120, 1 
26/Jan/2017:13:32:32, 883, 2220, 2 
26/Jan/2017:13:32:32, 895, 1150, 1 
26/Jan/2017:13:32:32, 883, 2245, 2 
26/Jan/2017:13:32:32, 895, 1140, 1 
26/Jan/2017:13:32:32, 883, 2230, 2 
26/Jan/2017:13:32:32, 895, 1140, 1 
26/Jan/2017:13:32:32, 883, 2210, 2 
26/Jan/2017:13:32:32, 895, 1140, 1 
26/Jan/2017:13:32:32, 883, 2230, 2 
26/Jan/2017:13:32:32, 948, 1130, 1 
26/Jan/2017:13:32:32, 535, 225, 2 
26/Jan/2017:13:32:32, 948, 1120, 1 
26/Jan/2017:13:32:32, 535, 2235, 2 
26/Jan/2017:13:32:32, 948, 1120, 1 
26/Jan/2017:13:32:32, 535, 2250, 2 
26/Jan/2017:13:32:32, 948, 1140, 1 
26/Jan/2017:13:32:32, 535, 2210, 2 
26/Jan/2017:13:32:32, 948, 1140, 1 
26/Jan/2017:13:32:32, 535, 2215, 2 
26/Jan/2017:13:32:32, 525, 1110, 1 
26/Jan/2017:13:32:32, 60, 2220, 2 
26/Jan/2017:13:32:32, 525, 1110, 1 
26/Jan/2017:13:32:32, 60, 2230, 2 
26/Jan/2017:13:32:32, 525, 1110, 1 
26/Jan/2017:13:32:32, 60, 2230, 2 
26/Jan/2017:13:32:32, 747, 1110, 1 
26/Jan/2017:13:32:32, 835, 2245, 2 
26/Jan/2017:13:32:32, 82, 1130, 1 
26/Jan/2017:13:32:32, 651, 2225, 2 
26/Jan/2017:13:32:32, 82, 1130, 1 
26/Jan/2017:13:32:32, 651, 2220, 2 
26/Jan/2017:13:32:32, 82, 1140, 1 
26/Jan/2017:13:32:32, 651, 2250, 2 
26/Jan/2017:13:32:32, 82, 1120, 1 
26/Jan/2017:13:32:32, 651, 2225, 2 
26/Jan/2017:13:32:32, 82, 1110, 1 
26/Jan/2017:13:32:32, 651, 2245, 2 
26/Jan/2017:13:32:32, 82, 1130, 1 
26/Jan/2017:13:32:32, 651, 2245, 2 
26/Jan/2017:13:32:32, 82, 1140, 1 
26/Jan/2017:13:32:32, 651, 2245, 2 
26/Jan/2017:13:32:32, 82, 1130, 1 
26/Jan/2017:13:32:32, 651, 2230, 2 
26/Jan/2017:13:32:32, 82, 1120, 1 
26/Jan/2017:13:32:32, 651, 2245, 2 
26/Jan/2017:13:32:32, 82, 1110, 1 
26/Jan/2017:13:32:32, 651, 2210, 2 
26/Jan/2017:13:32:32, 879, 1110, 1 
26/Jan/2017:13:32:32, 269, 2210, 2 
26/Jan/2017:13:32:32, 879, 1110, 1 
26/Jan/2017:13:32:32, 269, 225, 2 
26/Jan/2017:13:32:32, 675, 1150, 1 
26/Jan/2017:13:32:32, 506, 225, 2 
26/Jan/2017:13:32:32, 675, 1110, 1 
26/Jan/2017:13:32:32, 506, 2245, 2 
26/Jan/2017:13:32:32, 675, 1110, 1 
26/Jan/2017:13:32:32, 506, 2220, 2 
26/Jan/2017:13:32:32, 675, 1130, 1 
26/Jan/2017:13:32:32, 506, 225, 2 
26/Jan/2017:13:32:32, 675, 1150, 1 
26/Jan/2017:13:32:32, 506, 225, 2 
26/Jan/2017:13:32:32, 675, 1140, 1 
26/Jan/2017:13:32:32, 506, 2225, 2 
26/Jan/2017:13:32:32, 675, 1110, 1 
26/Jan/2017:13:32:32, 506, 2250, 2 
26/Jan/2017:13:32:32, 675, 1150, 1 
26/Jan/2017:13:32:32, 506, 2240, 2 
26/Jan/2017:13:32:32, 202, 1130, 1 
26/Jan/2017:13:32:32, 872, 2215, 2 
26/Jan/2017:13:32:32, 709, 1150, 1 
26/Jan/2017:13:32:32, 286, 2230, 2 
26/Jan/2017:13:32:32, 709, 1120, 1 
26/Jan/2017:13:32:32, 286, 2225, 2 
26/Jan/2017:13:32:32, 709, 1150, 1 
26/Jan/2017:13:32:32, 286, 2250, 2 
26/Jan/2017:13:32:32, 709, 1150, 1 
26/Jan/2017:13:32:32, 286, 2230, 2 
26/Jan/2017:13:32:32, 709, 1120, 1 
26/Jan/2017:13:32:32, 286, 2215, 2 
26/Jan/2017:13:32:32, 177, 1130, 1 
26/Jan/2017:13:32:32, 539, 2215, 2 
26/Jan/2017:13:32:32, 177, 1140, 1 
26/Jan/2017:13:32:32, 539, 2240, 2 
26/Jan/2017:13:32:32, 177, 1110, 1 
26/Jan/2017:13:32:32, 539, 2210, 2 
26/Jan/2017:13:32:32, 177, 1130, 1 
26/Jan/2017:13:32:32, 539, 2235, 2 
26/Jan/2017:13:32:32, 177, 1120, 1 
26/Jan/2017:13:32:32, 539, 225, 2 
26/Jan/2017:13:32:32, 177, 1130, 1 
26/Jan/2017:13:32:32, 539, 2235, 2 
26/Jan/2017:13:32:32, 177, 1110, 1 
26/Jan/2017:13:32:32, 539, 225, 2 
26/Jan/2017:13:32:32, 177, 1120, 1 
26/Jan/2017:13:32:32, 539, 2245, 2 
26/Jan/2017:13:32:32, 177, 1150, 1 
26/Jan/2017:13:32:32, 539, 2245, 2 
26/Jan/2017:13:32:32, 177, 1130, 1 
26/Jan/2017:13:32:32, 539, 2230, 2 
26/Jan/2017:13:32:32, 646, 1110, 1 
26/Jan/2017:13:32:32, 905, 2225, 2 
26/Jan/2017:13:32:32, 646, 1130, 1 
26/Jan/2017:13:32:32, 905, 2220, 2 
26/Jan/2017:13:32:32, 646, 1150, 1 
26/Jan/2017:13:32:32, 905, 225, 2 
26/Jan/2017:13:32:32, 646, 1150, 1 
26/Jan/2017:13:32:32, 905, 2250, 2 
26/Jan/2017:13:32:32, 646, 1130, 1 
26/Jan/2017:13:32:32, 905, 2250, 2 
26/Jan/2017:13:32:32, 646, 1120, 1 
26/Jan/2017:13:32:32, 905, 2245, 2 
26/Jan/2017:13:32:32, 646, 1150, 1 
26/Jan/2017:13:32:32, 905, 2245, 2 
26/Jan/2017:13:32:32, 646, 1130, 1 
26/Jan/2017:13:32:32, 905, 2245, 2 
26/Jan/2017:13:32:32, 646, 1130, 1 
26/Jan/2017:13:32:32, 905, 2235, 2 
26/Jan/2017:13:32:32, 646, 1150, 1 
26/Jan/2017:13:32:32, 905, 2235, 2 
26/Jan/2017:13:32:32, 646, 1130, 1 
26/Jan/2017:13:32:32, 905, 2220, 2 
26/Jan/2017:13:32:32, 646, 1140, 1 
26/Jan/2017:13:32:32, 905, 2240, 2 
26/Jan/2017:13:32:32, 646, 1140, 1 
26/Jan/2017:13:32:32, 905, 225, 2 
26/Jan/2017:13:32:32, 646, 1140, 1 
26/Jan/2017:13:32:32, 905, 2245, 2 
26/Jan/2017:13:32:32, 646, 1150, 1 
26/Jan/2017:13:32:32, 905, 2225, 2 
26/Jan/2017:13:32:32, 646, 1110, 1 
26/Jan/2017:13:32:32, 905, 2225, 2 
26/Jan/2017:13:32:32, 646, 1130, 1 
26/Jan/2017:13:32:32, 905, 2240, 2 
26/Jan/2017:13:32:32, 646, 1150, 1 
26/Jan/2017:13:32:32, 905, 2240, 2 
26/Jan/2017:13:32:32, 646, 1150, 1 
26/Jan/2017:13:32:32, 905, 2210, 2 
26/Jan/2017:13:32:32, 646, 1120, 1 
26/Jan/2017:13:32:32, 905, 2250, 2 
26/Jan/2017:13:32:32, 646, 1120, 1 
26/Jan/2017:13:32:32, 905, 225, 2 
26/Jan/2017:13:32:32, 646, 1130, 1 
26/Jan/2017:13:32:32, 905, 2250, 2 
26/Jan/2017:13:32:32, 646, 1140, 1 
26/Jan/2017:13:32:32, 905, 2210, 2 
26/Jan/2017:13:32:32, 646, 1150, 1 
26/Jan/2017:13:32:32, 905, 2225, 2 
26/Jan/2017:13:32:32, 646, 1150, 1 
26/Jan/2017:13:32:32, 905, 2230, 2 
26/Jan/2017:13:32:32, 646, 1120, 1 
26/Jan/2017:13:32:32, 905, 2210, 2 
26/Jan/2017:13:32:32, 646, 1120, 1 
26/Jan/2017:13:32:32, 905, 2210, 2 
26/Jan/2017:13:32:32, 646, 1130, 1 
26/Jan/2017:13:32:32, 905, 2215, 2 
26/Jan/2017:13:32:32, 646, 1140, 1 
26/Jan/2017:13:32:32, 905, 2245, 2 
26/Jan/2017:13:32:32, 646, 1120, 1 
26/Jan/2017:13:32:32, 905, 2215, 2 
26/Jan/2017:13:32:32, 646, 1130, 1 
26/Jan/2017:13:32:32, 905, 2225, 2 
26/Jan/2017:13:32:32, 539, 1140, 1 
26/Jan/2017:13:32:32, 398, 2210, 2 
26/Jan/2017:13:32:32, 539, 1120, 1 
26/Jan/2017:13:32:32, 398, 2245, 2 
26/Jan/2017:13:32:32, 539, 1150, 1 
26/Jan/2017:13:32:32, 398, 2240, 2 
26/Jan/2017:13:32:32, 539, 1150, 1 
26/Jan/2017:13:32:32, 398, 2250, 2 
26/Jan/2017:13:32:32, 539, 1150, 1 
26/Jan/2017:13:32:32, 398, 2245, 2 
26/Jan/2017:13:32:32, 539, 1150, 1 
26/Jan/2017:13:32:32, 398, 2210, 2 
26/Jan/2017:13:32:32, 539, 1110, 1 
26/Jan/2017:13:32:32, 398, 2210, 2 
26/Jan/2017:13:32:32, 539, 1120, 1 
26/Jan/2017:13:32:32, 398, 2225, 2 
26/Jan/2017:13:32:32, 539, 1150, 1 
26/Jan/2017:13:32:32, 398, 2245, 2 
26/Jan/2017:13:32:32, 539, 1110, 1 
26/Jan/2017:13:32:32, 398, 2230, 2 
26/Jan/2017:13:32:32, 539, 1130, 1 
26/Jan/2017:13:32:32, 398, 225, 2 
26/Jan/2017:13:32:32, 539, 1150, 1 
26/Jan/2017:13:32:32, 398, 2210, 2 
26/Jan/2017:13:32:32, 539, 1140, 1 
26/Jan/2017:13:32:32, 398, 225, 2 
26/Jan/2017:13:32:32, 539, 1130, 1 
26/Jan/2017:13:32:32, 398, 2245, 2 
26/Jan/2017:13:32:32, 539, 1120, 1 
26/Jan/2017:13:32:32, 398, 2210, 2 
26/Jan/2017:13:32:32, 539, 1130, 1 
26/Jan/2017:13:32:32, 398, 2240, 2 
26/Jan/2017:13:32:32, 539, 1140, 1 
26/Jan/2017:13:32:32, 398, 2210, 2 
26/Jan/2017:13:32:32, 539, 1120, 1 
26/Jan/2017:13:32:32, 398, 2220, 2 
26/Jan/2017:13:32:32, 539, 1150, 1 
26/Jan/2017:13:32:32, 398, 2225, 2 
26/Jan/2017:13:32:32, 780, 1130, 1 
26/Jan/2017:13:32:32, 705, 2215, 2 
26/Jan/2017:13:32:32, 780, 1110, 1 
26/Jan/2017:13:32:32, 705, 225, 2 
26/Jan/2017:13:32:32, 780, 1140, 1 
26/Jan/2017:13:32:32, 705, 2230, 2 
26/Jan/2017:13:32:32, 780, 1140, 1 
26/Jan/2017:13:32:32, 705, 225, 2 
26/Jan/2017:13:32:32, 780, 1110, 1 
26/Jan/2017:13:32:32, 705, 2230, 2 
26/Jan/2017:13:32:32, 780, 1120, 1 
26/Jan/2017:13:32:32, 705, 225, 2 
26/Jan/2017:13:32:32, 780, 1140, 1 
26/Jan/2017:13:32:32, 705, 2245, 2 
26/Jan/2017:13:32:32, 780, 1120, 1 
26/Jan/2017:13:32:32, 705, 2250, 2 
26/Jan/2017:13:32:32, 780, 1130, 1 
26/Jan/2017:13:32:32, 705, 2245, 2 
26/Jan/2017:13:32:32, 780, 1150, 1 
26/Jan/2017:13:32:32, 705, 2215, 2 
26/Jan/2017:13:32:32, 780, 1130, 1 
26/Jan/2017:13:32:32, 705, 225, 2 
26/Jan/2017:13:32:32, 780, 1120, 1 
26/Jan/2017:13:32:32, 705, 2215, 2 
26/Jan/2017:13:32:32, 780, 1110, 1 
26/Jan/2017:13:32:32, 705, 2230, 2 
26/Jan/2017:13:32:32, 780, 1140, 1 
26/Jan/2017:13:32:32, 705, 2230, 2 
26/Jan/2017:13:32:32, 780, 1150, 1 
26/Jan/2017:13:32:32, 705, 225, 2 
26/Jan/2017:13:32:32, 780, 1110, 1 
26/Jan/2017:13:32:32, 705, 2210, 2 
26/Jan/2017:13:32:32, 780, 1110, 1 
26/Jan/2017:13:32:32, 705, 225, 2 
26/Jan/2017:13:32:32, 780, 1110, 1 
26/Jan/2017:13:32:32, 705, 2230, 2 
26/Jan/2017:13:32:32, 780, 1140, 1 
26/Jan/2017:13:32:32, 705, 2240, 2 
26/Jan/2017:13:32:32, 780, 1150, 1 
26/Jan/2017:13:32:32, 705, 2245, 2 
26/Jan/2017:13:32:32, 780, 1150, 1 
26/Jan/2017:13:32:32, 705, 2245, 2 
26/Jan/2017:13:32:32, 780, 1120, 1 
26/Jan/2017:13:32:32, 705, 2220, 2 
26/Jan/2017:13:32:32, 780, 1130, 1 
26/Jan/2017:13:32:32, 705, 2235, 2 
26/Jan/2017:13:32:32, 780, 1150, 1 
26/Jan/2017:13:32:32, 705, 2250, 2 
26/Jan/2017:13:32:32, 780, 1130, 1 
26/Jan/2017:13:32:32, 705, 2225, 2 
26/Jan/2017:13:32:32, 565, 1140, 1 
26/Jan/2017:13:32:32, 538, 2250, 2 
26/Jan/2017:13:32:32, 565, 1140, 1 
26/Jan/2017:13:32:32, 538, 2210, 2 
26/Jan/2017:13:32:32, 565, 1110, 1 
26/Jan/2017:13:32:32, 538, 2245, 2 
26/Jan/2017:13:32:32, 565, 1140, 1 
26/Jan/2017:13:32:32, 538, 225, 2 
26/Jan/2017:13:32:32, 565, 1110, 1 
26/Jan/2017:13:32:32, 538, 2215, 2 
26/Jan/2017:13:32:32, 565, 1130, 1 
26/Jan/2017:13:32:32, 538, 2235, 2 
26/Jan/2017:13:32:32, 565, 1130, 1 
26/Jan/2017:13:32:32, 538, 2210, 2 
26/Jan/2017:13:32:32, 565, 1110, 1 
26/Jan/2017:13:32:32, 538, 2245, 2 
26/Jan/2017:13:32:32, 565, 1130, 1 
26/Jan/2017:13:32:32, 538, 2220, 2 
26/Jan/2017:13:32:32, 565, 1140, 1 
26/Jan/2017:13:32:32, 538, 2230, 2 
26/Jan/2017:13:32:32, 565, 1150, 1 
26/Jan/2017:13:32:32, 538, 2230, 2 
26/Jan/2017:13:32:32, 565, 1150, 1 
26/Jan/2017:13:32:32, 538, 2250, 2 
26/Jan/2017:13:32:32, 565, 1140, 1 
26/Jan/2017:13:32:32, 538, 2230, 2 
26/Jan/2017:13:32:32, 537, 1140, 1 
26/Jan/2017:13:32:32, 611, 2245, 2 
26/Jan/2017:13:32:32, 537, 1140, 1 
26/Jan/2017:13:32:32, 611, 2220, 2 
26/Jan/2017:13:32:32, 537, 1150, 1 
26/Jan/2017:13:32:32, 611, 2245, 2 
26/Jan/2017:13:32:32, 537, 1130, 1 
26/Jan/2017:13:32:32, 611, 2215, 2 
26/Jan/2017:13:32:32, 537, 1140, 1 
26/Jan/2017:13:32:32, 611, 2230, 2 
26/Jan/2017:13:32:32, 537, 1130, 1 
26/Jan/2017:13:32:32, 611, 2245, 2 
26/Jan/2017:13:32:32, 537, 1120, 1 
26/Jan/2017:13:32:32, 611, 225, 2 
26/Jan/2017:13:32:32, 150, 1110, 1 
26/Jan/2017:13:32:32, 977, 2230, 2 
26/Jan/2017:13:32:32, 150, 1150, 1 
26/Jan/2017:13:32:32, 977, 2220, 2 
26/Jan/2017:13:32:32, 150, 1110, 1 
26/Jan/2017:13:32:32, 977, 2250, 2 
26/Jan/2017:13:32:32, 150, 1130, 1 
26/Jan/2017:13:32:32, 977, 2220, 2 
26/Jan/2017:13:32:32, 150, 1140, 1 
26/Jan/2017:13:32:32, 977, 2220, 2 
26/Jan/2017:13:32:32, 150, 1120, 1 
26/Jan/2017:13:32:32, 977, 225, 2 
26/Jan/2017:13:32:32, 150, 1150, 1 
26/Jan/2017:13:32:32, 977, 225, 2 
26/Jan/2017:13:32:32, 150, 1130, 1 
26/Jan/2017:13:32:32, 977, 2215, 2 
26/Jan/2017:13:32:32, 150, 1140, 1 
26/Jan/2017:13:32:32, 977, 2235, 2 
26/Jan/2017:13:32:32, 150, 1130, 1 
26/Jan/2017:13:32:32, 977, 2230, 2 
26/Jan/2017:13:32:32, 150, 1150, 1 
26/Jan/2017:13:32:32, 977, 2225, 2 
26/Jan/2017:13:32:32, 516, 1120, 1 
26/Jan/2017:13:32:32, 797, 2240, 2 
26/Jan/2017:13:32:32, 516, 1150, 1 
26/Jan/2017:13:32:32, 797, 2235, 2 
26/Jan/2017:13:32:32, 516, 1130, 1 
26/Jan/2017:13:32:32, 797, 2215, 2 
26/Jan/2017:13:32:32, 516, 1140, 1 
26/Jan/2017:13:32:32, 797, 2245, 2 
26/Jan/2017:13:32:32, 516, 1130, 1 
26/Jan/2017:13:32:32, 797, 2220, 2 
26/Jan/2017:13:32:32, 516, 1110, 1 
26/Jan/2017:13:32:32, 797, 225, 2 
26/Jan/2017:13:32:32, 516, 1150, 1 
26/Jan/2017:13:32:32, 797, 2225, 2 
26/Jan/2017:13:32:32, 516, 1110, 1 
26/Jan/2017:13:32:32, 797, 2230, 2 
26/Jan/2017:13:32:32, 516, 1140, 1 
26/Jan/2017:13:32:32, 797, 2220, 2 
26/Jan/2017:13:32:32, 516, 1110, 1 
26/Jan/2017:13:32:32, 797, 2210, 2 
26/Jan/2017:13:32:32, 516, 1120, 1 
26/Jan/2017:13:32:32, 797, 2240, 2 
26/Jan/2017:13:32:32, 516, 1120, 1 
26/Jan/2017:13:32:32, 797, 2235, 2 
26/Jan/2017:13:32:32, 516, 1140, 1 
26/Jan/2017:13:32:32, 797, 2250, 2 
26/Jan/2017:13:32:32, 516, 1140, 1 
26/Jan/2017:13:32:32, 797, 2225, 2 
26/Jan/2017:13:32:32, 516, 1110, 1 
26/Jan/2017:13:32:32, 797, 2230, 2 
26/Jan/2017:13:32:32, 516, 1150, 1 
26/Jan/2017:13:32:32, 797, 2245, 2 
26/Jan/2017:13:32:32, 516, 1120, 1 
26/Jan/2017:13:32:32, 797, 2220, 2 
26/Jan/2017:13:32:32, 516, 1120, 1 
26/Jan/2017:13:32:32, 797, 225, 2 
26/Jan/2017:13:32:32, 516, 1120, 1 
26/Jan/2017:13:32:32, 797, 2240, 2 
26/Jan/2017:13:32:32, 516, 1120, 1 
26/Jan/2017:13:32:32, 797, 2245, 2 
26/Jan/2017:13:32:32, 516, 1140, 1 
26/Jan/2017:13:32:32, 797, 2220, 2 
26/Jan/2017:13:32:32, 159, 1120, 1 
26/Jan/2017:13:32:32, 461, 2235, 2 
26/Jan/2017:13:32:32, 159, 1140, 1 
26/Jan/2017:13:32:32, 461, 2215, 2 
26/Jan/2017:13:32:32, 159, 1140, 1 
26/Jan/2017:13:32:32, 461, 2210, 2 
26/Jan/2017:13:32:32, 159, 1120, 1 
26/Jan/2017:13:32:32, 461, 2225, 2 
26/Jan/2017:13:32:32, 159, 1140, 1 
26/Jan/2017:13:32:32, 461, 2245, 2 
26/Jan/2017:13:32:32, 159, 1150, 1 
26/Jan/2017:13:32:32, 461, 225, 2 
26/Jan/2017:13:32:32, 159, 1110, 1 
26/Jan/2017:13:32:32, 461, 2250, 2 
26/Jan/2017:13:32:32, 898, 1110, 1 
26/Jan/2017:13:32:32, 236, 2240, 2 
26/Jan/2017:13:32:32, 898, 1120, 1 
26/Jan/2017:13:32:32, 236, 225, 2 
26/Jan/2017:13:32:32, 898, 1120, 1 
26/Jan/2017:13:32:32, 236, 2250, 2 
26/Jan/2017:13:32:32, 898, 1120, 1 
26/Jan/2017:13:32:32, 236, 2215, 2 
26/Jan/2017:13:32:32, 898, 1110, 1 
26/Jan/2017:13:32:32, 236, 2220, 2 
26/Jan/2017:13:32:32, 898, 1150, 1 
26/Jan/2017:13:32:32, 236, 225, 2 
26/Jan/2017:13:32:32, 898, 1140, 1 
26/Jan/2017:13:32:32, 236, 2240, 2 
26/Jan/2017:13:32:32, 898, 1150, 1 
26/Jan/2017:13:32:32, 236, 2240, 2 
26/Jan/2017:13:32:32, 898, 1140, 1 
26/Jan/2017:13:32:32, 236, 2245, 2 
26/Jan/2017:13:32:32, 898, 1140, 1 
26/Jan/2017:13:32:32, 236, 2240, 2 
26/Jan/2017:13:32:32, 898, 1150, 1 
26/Jan/2017:13:32:32, 236, 2220, 2 
26/Jan/2017:13:32:32, 898, 1140, 1 
26/Jan/2017:13:32:32, 236, 2235, 2 
26/Jan/2017:13:32:32, 898, 1150, 1 
26/Jan/2017:13:32:32, 236, 2240, 2 
26/Jan/2017:13:32:32, 898, 1150, 1 
26/Jan/2017:13:32:32, 236, 2220, 2 
26/Jan/2017:13:32:32, 898, 1130, 1 
26/Jan/2017:13:32:32, 236, 2215, 2 
26/Jan/2017:13:32:32, 898, 1110, 1 
26/Jan/2017:13:32:32, 236, 2220, 2 
26/Jan/2017:13:32:32, 253, 1140, 1 
26/Jan/2017:13:32:32, 326, 2240, 2 
26/Jan/2017:13:32:32, 924, 1140, 1 
26/Jan/2017:13:32:32, 606, 2250, 2 
26/Jan/2017:13:32:32, 924, 1130, 1 
26/Jan/2017:13:32:32, 606, 2235, 2 
26/Jan/2017:13:32:32, 924, 1140, 1 
26/Jan/2017:13:32:32, 606, 2215, 2 
26/Jan/2017:13:32:32, 924, 1120, 1 
26/Jan/2017:13:32:32, 606, 2215, 2 
26/Jan/2017:13:32:32, 924, 1120, 1 
26/Jan/2017:13:32:32, 606, 2250, 2 
26/Jan/2017:13:32:32, 924, 1120, 1 
26/Jan/2017:13:32:32, 606, 225, 2 
26/Jan/2017:13:32:32, 924, 1150, 1 
26/Jan/2017:13:32:32, 606, 2225, 2 
26/Jan/2017:13:32:32, 924, 1130, 1 
26/Jan/2017:13:32:32, 606, 2250, 2 
26/Jan/2017:13:32:32, 924, 1120, 1 
26/Jan/2017:13:32:32, 606, 2220, 2 
26/Jan/2017:13:32:32, 924, 1120, 1 
26/Jan/2017:13:32:32, 606, 2240, 2 
26/Jan/2017:13:32:32, 924, 1120, 1 
26/Jan/2017:13:32:32, 606, 2215, 2 
26/Jan/2017:13:32:32, 145, 1140, 1 
26/Jan/2017:13:32:32, 577, 2210, 2 
26/Jan/2017:13:32:32, 145, 1110, 1 
26/Jan/2017:13:32:32, 577, 2240, 2 
26/Jan/2017:13:32:32, 145, 1140, 1 
26/Jan/2017:13:32:32, 577, 2210, 2 
26/Jan/2017:13:32:32, 145, 1120, 1 
26/Jan/2017:13:32:32, 577, 2225, 2 
26/Jan/2017:13:32:32, 145, 1150, 1 
26/Jan/2017:13:32:32, 577, 2215, 2 
26/Jan/2017:13:32:32, 145, 1110, 1 
26/Jan/2017:13:32:32, 577, 225, 2 
26/Jan/2017:13:32:32, 145, 1120, 1 
26/Jan/2017:13:32:32, 577, 2245, 2 
26/Jan/2017:13:32:32, 145, 1120, 1 
26/Jan/2017:13:32:32, 577, 2235, 2 
26/Jan/2017:13:32:32, 145, 1120, 1 
26/Jan/2017:13:32:32, 577, 2245, 2 
26/Jan/2017:13:32:32, 841, 1140, 1 
26/Jan/2017:13:32:32, 376, 2235, 2 
26/Jan/2017:13:32:32, 841, 1110, 1 
26/Jan/2017:13:32:32, 376, 2215, 2 
26/Jan/2017:13:32:32, 841, 1150, 1 
26/Jan/2017:13:32:32, 376, 2245, 2 
26/Jan/2017:13:32:32, 841, 1150, 1 
26/Jan/2017:13:32:32, 376, 225, 2 
26/Jan/2017:13:32:32, 841, 1140, 1 
26/Jan/2017:13:32:32, 376, 2215, 2 
26/Jan/2017:13:32:32, 841, 1130, 1 
26/Jan/2017:13:32:32, 376, 2225, 2 
26/Jan/2017:13:32:32, 841, 1140, 1 
26/Jan/2017:13:32:32, 376, 2220, 2 
26/Jan/2017:13:32:32, 841, 1120, 1 
26/Jan/2017:13:32:32, 376, 2225, 2 
26/Jan/2017:13:32:32, 841, 1120, 1 
26/Jan/2017:13:32:32, 376, 225, 2 
26/Jan/2017:13:32:32, 841, 1150, 1 
26/Jan/2017:13:32:32, 376, 2245, 2 
26/Jan/2017:13:32:32, 841, 1120, 1 
26/Jan/2017:13:32:32, 376, 2215, 2 
26/Jan/2017:13:32:32, 841, 1130, 1 
26/Jan/2017:13:32:32, 376, 2215, 2 
26/Jan/2017:13:32:32, 841, 1130, 1 
26/Jan/2017:13:32:32, 376, 2220, 2 
26/Jan/2017:13:32:32, 841, 1110, 1 
26/Jan/2017:13:32:32, 376, 225, 2 
26/Jan/2017:13:32:32, 841, 1150, 1 
26/Jan/2017:13:32:32, 376, 2230, 2 
26/Jan/2017:13:32:32, 841, 1120, 1 
26/Jan/2017:13:32:32, 376, 2210, 2 
26/Jan/2017:13:32:32, 841, 1110, 1 
26/Jan/2017:13:32:32, 376, 2210, 2 
26/Jan/2017:13:32:32, 841, 1140, 1 
26/Jan/2017:13:32:32, 376, 2210, 2 
26/Jan/2017:13:32:32, 841, 1150, 1 
26/Jan/2017:13:32:32, 376, 2220, 2 
26/Jan/2017:13:32:32, 841, 1150, 1 
26/Jan/2017:13:32:32, 376, 2240, 2 
26/Jan/2017:13:32:32, 328, 1150, 1 
26/Jan/2017:13:32:32, 412, 2215, 2 
26/Jan/2017:13:32:32, 328, 1110, 1 
26/Jan/2017:13:32:32, 412, 2250, 2 
26/Jan/2017:13:32:32, 328, 1110, 1 
26/Jan/2017:13:32:32, 412, 2250, 2 
26/Jan/2017:13:32:32, 328, 1110, 1 
26/Jan/2017:13:32:32, 412, 2235, 2 
26/Jan/2017:13:32:32, 938, 1140, 1 
26/Jan/2017:13:32:32, 924, 225, 2 
26/Jan/2017:13:32:32, 938, 1120, 1 
26/Jan/2017:13:32:32, 924, 2225, 2 
26/Jan/2017:13:32:32, 938, 1130, 1 
26/Jan/2017:13:32:32, 924, 2245, 2 
26/Jan/2017:13:32:32, 938, 1130, 1 
26/Jan/2017:13:32:32, 924, 2225, 2 
26/Jan/2017:13:32:32, 938, 1130, 1 
26/Jan/2017:13:32:32, 924, 2240, 2 
26/Jan/2017:13:32:32, 938, 1120, 1 
26/Jan/2017:13:32:32, 924, 2210, 2 
26/Jan/2017:13:32:32, 420, 1110, 1 
26/Jan/2017:13:32:32, 245, 2210, 2 
26/Jan/2017:13:32:32, 420, 1130, 1 
26/Jan/2017:13:32:32, 245, 225, 2 
26/Jan/2017:13:32:32, 420, 1140, 1 
26/Jan/2017:13:32:32, 245, 2230, 2 
26/Jan/2017:13:32:32, 420, 1110, 1 
26/Jan/2017:13:32:32, 245, 2250, 2 
26/Jan/2017:13:32:32, 420, 1130, 1 
26/Jan/2017:13:32:32, 245, 225, 2 
26/Jan/2017:13:32:32, 420, 1140, 1 
26/Jan/2017:13:32:32, 245, 2215, 2 
26/Jan/2017:13:32:32, 420, 1140, 1 
26/Jan/2017:13:32:32, 245, 2215, 2 
26/Jan/2017:13:32:32, 125, 1120, 1 
26/Jan/2017:13:32:32, 70, 2250, 2 
26/Jan/2017:13:32:32, 125, 1150, 1 
26/Jan/2017:13:32:32, 70, 2225, 2 
26/Jan/2017:13:32:32, 125, 1130, 1 
26/Jan/2017:13:32:32, 70, 2225, 2 
26/Jan/2017:13:32:32, 125, 1120, 1 
26/Jan/2017:13:32:32, 70, 2215, 2 
26/Jan/2017:13:32:32, 125, 1130, 1 
26/Jan/2017:13:32:32, 70, 2235, 2 
26/Jan/2017:13:32:32, 125, 1120, 1 
26/Jan/2017:13:32:32, 70, 2215, 2 
26/Jan/2017:13:32:32, 125, 1150, 1 
26/Jan/2017:13:32:32, 70, 2250, 2 
26/Jan/2017:13:32:32, 125, 1130, 1 
26/Jan/2017:13:32:32, 70, 2225, 2 
26/Jan/2017:13:32:32, 125, 1150, 1 
26/Jan/2017:13:32:32, 70, 2250, 2 
26/Jan/2017:13:32:32, 611, 1130, 1 
26/Jan/2017:13:32:32, 604, 2235, 2 
26/Jan/2017:13:32:32, 938, 1120, 1 
26/Jan/2017:13:32:32, 924, 2250, 2 
26/Jan/2017:13:32:32, 938, 1130, 1 
26/Jan/2017:13:32:32, 924, 2230, 2 
26/Jan/2017:13:32:32, 938, 1130, 1 
26/Jan/2017:13:32:32, 924, 2250, 2 
26/Jan/2017:13:32:32, 938, 1140, 1 
26/Jan/2017:13:32:32, 924, 2245, 2 
26/Jan/2017:13:32:32, 938, 1150, 1 
26/Jan/2017:13:32:32, 924, 2235, 2 
26/Jan/2017:13:32:32, 938, 1140, 1 
26/Jan/2017:13:32:32, 924, 2250, 2 
26/Jan/2017:13:32:32, 938, 1140, 1 
26/Jan/2017:13:32:32, 924, 2210, 2 
26/Jan/2017:13:32:32, 938, 1140, 1 
26/Jan/2017:13:32:32, 924, 2215, 2 
26/Jan/2017:13:32:32, 938, 1130, 1 
26/Jan/2017:13:32:32, 924, 2230, 2 
26/Jan/2017:13:32:32, 938, 1120, 1 
26/Jan/2017:13:32:32, 924, 2250, 2 
26/Jan/2017:13:32:32, 938, 1130, 1 
26/Jan/2017:13:32:32, 924, 2215, 2 
26/Jan/2017:13:32:32, 938, 1130, 1 
26/Jan/2017:13:32:32, 924, 2245, 2 
26/Jan/2017:13:32:32, 938, 1120, 1 
26/Jan/2017:13:32:32, 924, 2245, 2 
26/Jan/2017:13:32:32, 938, 1130, 1 
26/Jan/2017:13:32:32, 924, 2230, 2 
26/Jan/2017:13:32:32, 938, 1130, 1 
26/Jan/2017:13:32:32, 924, 2215, 2 
26/Jan/2017:13:32:32, 506, 1140, 1 
26/Jan/2017:13:32:32, 163, 2250, 2 
26/Jan/2017:13:32:32, 506, 1140, 1 
26/Jan/2017:13:32:32, 163, 225, 2 
26/Jan/2017:13:32:32, 506, 1140, 1 
26/Jan/2017:13:32:32, 163, 2225, 2 
26/Jan/2017:13:32:32, 506, 1130, 1 
26/Jan/2017:13:32:32, 163, 2220, 2 
26/Jan/2017:13:32:32, 506, 1110, 1 
26/Jan/2017:13:32:32, 163, 2215, 2 
26/Jan/2017:13:32:32, 506, 1130, 1 
26/Jan/2017:13:32:32, 163, 2210, 2 
26/Jan/2017:13:32:32, 506, 1110, 1 
26/Jan/2017:13:32:32, 163, 2220, 2 
26/Jan/2017:13:32:32, 506, 1140, 1 
26/Jan/2017:13:32:32, 163, 2240, 2 
26/Jan/2017:13:32:32, 449, 1130, 1 
26/Jan/2017:13:32:32, 466, 2245, 2 
26/Jan/2017:13:32:32, 449, 1110, 1 
26/Jan/2017:13:32:32, 466, 2220, 2 
26/Jan/2017:13:32:32, 449, 1140, 1 
26/Jan/2017:13:32:32, 466, 2240, 2 
26/Jan/2017:13:32:32, 466, 1110, 1 
26/Jan/2017:13:32:32, 287, 2240, 2 
26/Jan/2017:13:32:32, 466, 1150, 1 
26/Jan/2017:13:32:32, 287, 2240, 2 
26/Jan/2017:13:32:32, 466, 1140, 1 
26/Jan/2017:13:32:32, 287, 2210, 2 
26/Jan/2017:13:32:32, 466, 1120, 1 
26/Jan/2017:13:32:32, 287, 2215, 2 
26/Jan/2017:13:32:32, 466, 1140, 1 
26/Jan/2017:13:32:32, 287, 2210, 2 
26/Jan/2017:13:32:32, 466, 1130, 1 
26/Jan/2017:13:32:32, 287, 2220, 2 
26/Jan/2017:13:32:32, 896, 1140, 1 
26/Jan/2017:13:32:32, 293, 2230, 2 
26/Jan/2017:13:32:32, 896, 1130, 1 
26/Jan/2017:13:32:32, 293, 2210, 2 
26/Jan/2017:13:32:32, 896, 1150, 1 
26/Jan/2017:13:32:32, 293, 2235, 2 
26/Jan/2017:13:32:32, 896, 1140, 1 
26/Jan/2017:13:32:32, 293, 2230, 2 
26/Jan/2017:13:32:32, 896, 1140, 1 
26/Jan/2017:13:32:32, 293, 2215, 2 
26/Jan/2017:13:32:32, 914, 1150, 1 
26/Jan/2017:13:32:32, 860, 2220, 2 
26/Jan/2017:13:32:32, 914, 1140, 1 
26/Jan/2017:13:32:32, 860, 2235, 2 
26/Jan/2017:13:32:32, 914, 1150, 1 
26/Jan/2017:13:32:32, 860, 2240, 2 
26/Jan/2017:13:32:32, 914, 1130, 1 
26/Jan/2017:13:32:32, 860, 2240, 2 
26/Jan/2017:13:32:32, 914, 1110, 1 
26/Jan/2017:13:32:32, 860, 2225, 2 
26/Jan/2017:13:32:32, 327, 1140, 1 
26/Jan/2017:13:32:32, 863, 2230, 2 
26/Jan/2017:13:32:32, 327, 1150, 1 
26/Jan/2017:13:32:32, 863, 2240, 2 
26/Jan/2017:13:32:32, 327, 1120, 1 
26/Jan/2017:13:32:32, 863, 2215, 2 
26/Jan/2017:13:32:32, 327, 1130, 1 
26/Jan/2017:13:32:32, 863, 2225, 2 
26/Jan/2017:13:32:32, 327, 1130, 1 
26/Jan/2017:13:32:32, 863, 2225, 2 
26/Jan/2017:13:32:32, 778, 1130, 1 
26/Jan/2017:13:32:32, 389, 2230, 2 
26/Jan/2017:13:32:32, 16, 1110, 1 
26/Jan/2017:13:32:32, 96, 2235, 2 
26/Jan/2017:13:32:32, 16, 1140, 1 
26/Jan/2017:13:32:32, 96, 2230, 2 
26/Jan/2017:13:32:32, 540, 1150, 1 
26/Jan/2017:13:32:32, 267, 2240, 2 
26/Jan/2017:13:32:32, 540, 1150, 1 
26/Jan/2017:13:32:32, 267, 2225, 2 
26/Jan/2017:13:32:32, 540, 1110, 1 
26/Jan/2017:13:32:32, 267, 2225, 2 
26/Jan/2017:13:32:32, 540, 1150, 1 
26/Jan/2017:13:32:32, 267, 2245, 2 
26/Jan/2017:13:32:32, 540, 1130, 1 
26/Jan/2017:13:32:32, 267, 2225, 2 
26/Jan/2017:13:32:32, 540, 1120, 1 
26/Jan/2017:13:32:32, 267, 2235, 2 
26/Jan/2017:13:32:32, 540, 1110, 1 
26/Jan/2017:13:32:32, 267, 2225, 2 
26/Jan/2017:13:32:32, 540, 1140, 1 
26/Jan/2017:13:32:32, 267, 2235, 2 
26/Jan/2017:13:32:32, 540, 1130, 1 
26/Jan/2017:13:32:32, 267, 2225, 2 
26/Jan/2017:13:32:32, 540, 1150, 1 
26/Jan/2017:13:32:32, 267, 2235, 2 
26/Jan/2017:13:32:32, 540, 1140, 1 
26/Jan/2017:13:32:32, 267, 2245, 2 
26/Jan/2017:13:32:32, 540, 1120, 1 
26/Jan/2017:13:32:32, 267, 2215, 2 
26/Jan/2017:13:32:32, 540, 1150, 1 
26/Jan/2017:13:32:32, 267, 2210, 2 
26/Jan/2017:13:32:32, 540, 1140, 1 
26/Jan/2017:13:32:32, 267, 2245, 2 
26/Jan/2017:13:32:32, 540, 1140, 1 
26/Jan/2017:13:32:32, 267, 2220, 2 
26/Jan/2017:13:32:32, 540, 1130, 1 
26/Jan/2017:13:32:32, 267, 2220, 2 
26/Jan/2017:13:32:32, 540, 1120, 1 
26/Jan/2017:13:32:32, 267, 2210, 2 
26/Jan/2017:13:32:32, 540, 1120, 1 
26/Jan/2017:13:32:32, 267, 2220, 2 
26/Jan/2017:13:32:32, 540, 1140, 1 
26/Jan/2017:13:32:32, 267, 2210, 2 
26/Jan/2017:13:32:32, 540, 1110, 1 
26/Jan/2017:13:32:32, 267, 2240, 2 
26/Jan/2017:13:32:32, 540, 1150, 1 
26/Jan/2017:13:32:32, 267, 2230, 2 
26/Jan/2017:13:32:32, 540, 1140, 1 
26/Jan/2017:13:32:32, 267, 2220, 2 
26/Jan/2017:13:32:32, 540, 1120, 1 
26/Jan/2017:13:32:32, 267, 2250, 2 
26/Jan/2017:13:32:32, 540, 1140, 1 
26/Jan/2017:13:32:32, 267, 2230, 2 
26/Jan/2017:13:32:32, 342, 1120, 1 
26/Jan/2017:13:32:32, 473, 2215, 2 
26/Jan/2017:13:32:32, 342, 1110, 1 
26/Jan/2017:13:32:32, 473, 2250, 2 
26/Jan/2017:13:32:32, 342, 1110, 1 
26/Jan/2017:13:32:32, 473, 2235, 2 
26/Jan/2017:13:32:32, 342, 1140, 1 
26/Jan/2017:13:32:32, 473, 2245, 2 
26/Jan/2017:13:32:32, 342, 1110, 1 
26/Jan/2017:13:32:32, 473, 2210, 2 
26/Jan/2017:13:32:32, 342, 1150, 1 
26/Jan/2017:13:32:32, 473, 2210, 2 
26/Jan/2017:13:32:32, 342, 1130, 1 
26/Jan/2017:13:32:32, 473, 2220, 2 
26/Jan/2017:13:32:32, 142, 1110, 1 
26/Jan/2017:13:32:32, 658, 2250, 2 
26/Jan/2017:13:32:32, 142, 1150, 1 
26/Jan/2017:13:32:32, 658, 225, 2 
26/Jan/2017:13:32:32, 142, 1150, 1 
26/Jan/2017:13:32:32, 658, 2235, 2 
26/Jan/2017:13:32:32, 142, 1120, 1 
26/Jan/2017:13:32:32, 658, 2235, 2 
26/Jan/2017:13:32:32, 142, 1130, 1 
26/Jan/2017:13:32:32, 658, 2220, 2 
26/Jan/2017:13:32:32, 142, 1130, 1 
26/Jan/2017:13:32:32, 658, 225, 2 
26/Jan/2017:13:32:32, 142, 1120, 1 
26/Jan/2017:13:32:32, 658, 2245, 2 
26/Jan/2017:13:32:32, 867, 1110, 1 
26/Jan/2017:13:32:32, 210, 2245, 2 
26/Jan/2017:13:32:32, 867, 1130, 1 
26/Jan/2017:13:32:32, 210, 2225, 2 
26/Jan/2017:13:32:32, 867, 1140, 1 
26/Jan/2017:13:32:32, 210, 2220, 2 
26/Jan/2017:13:32:32, 867, 1140, 1 
26/Jan/2017:13:32:32, 210, 2230, 2 
26/Jan/2017:13:32:32, 867, 1150, 1 
26/Jan/2017:13:32:32, 210, 2230, 2 
26/Jan/2017:13:32:32, 867, 1110, 1 
26/Jan/2017:13:32:32, 210, 2230, 2 
26/Jan/2017:13:32:32, 220, 1130, 1 
26/Jan/2017:13:32:32, 147, 2215, 2 
26/Jan/2017:13:32:32, 220, 1120, 1 
26/Jan/2017:13:32:32, 147, 2225, 2 
26/Jan/2017:13:32:32, 220, 1150, 1 
26/Jan/2017:13:32:32, 147, 2250, 2 
26/Jan/2017:13:32:32, 220, 1130, 1 
26/Jan/2017:13:32:32, 147, 2230, 2 
26/Jan/2017:13:32:32, 220, 1150, 1 
26/Jan/2017:13:32:32, 147, 2215, 2 
26/Jan/2017:13:32:32, 220, 1120, 1 
26/Jan/2017:13:32:32, 147, 225, 2 
26/Jan/2017:13:32:32, 47, 1150, 1 
26/Jan/2017:13:32:32, 775, 225, 2 
26/Jan/2017:13:32:32, 47, 1130, 1 
26/Jan/2017:13:32:32, 775, 2210, 2 
26/Jan/2017:13:32:32, 47, 1120, 1 
26/Jan/2017:13:32:32, 775, 2235, 2 
26/Jan/2017:13:32:32, 979, 1130, 1 
26/Jan/2017:13:32:32, 761, 2240, 2 
26/Jan/2017:13:32:32, 979, 1110, 1 
26/Jan/2017:13:32:32, 761, 2220, 2 
26/Jan/2017:13:32:32, 979, 1140, 1 
26/Jan/2017:13:32:32, 761, 2245, 2 
26/Jan/2017:13:32:32, 979, 1130, 1 
26/Jan/2017:13:32:32, 761, 2230, 2 
26/Jan/2017:13:32:32, 979, 1130, 1 
26/Jan/2017:13:32:32, 761, 2235, 2 
26/Jan/2017:13:32:32, 856, 1120, 1 
26/Jan/2017:13:32:32, 188, 225, 2 
26/Jan/2017:13:32:32, 856, 1130, 1 
26/Jan/2017:13:32:32, 188, 2235, 2 
26/Jan/2017:13:32:32, 856, 1140, 1 
26/Jan/2017:13:32:32, 188, 2235, 2 
26/Jan/2017:13:32:32, 856, 1150, 1 
26/Jan/2017:13:32:32, 188, 2220, 2 
26/Jan/2017:13:32:32, 856, 1140, 1 
26/Jan/2017:13:32:32, 188, 2225, 2 
26/Jan/2017:13:32:32, 856, 1130, 1 
26/Jan/2017:13:32:32, 188, 2235, 2 
26/Jan/2017:13:32:32, 856, 1140, 1 
26/Jan/2017:13:32:32, 188, 2225, 2 
26/Jan/2017:13:32:32, 856, 1130, 1 
26/Jan/2017:13:32:32, 188, 2215, 2 
26/Jan/2017:13:32:32, 856, 1150, 1 
26/Jan/2017:13:32:32, 188, 2210, 2 
26/Jan/2017:13:32:32, 856, 1110, 1 
26/Jan/2017:13:32:32, 188, 2250, 2 
26/Jan/2017:13:32:32, 856, 1110, 1 
26/Jan/2017:13:32:32, 188, 2220, 2 
26/Jan/2017:13:32:32, 856, 1120, 1 
26/Jan/2017:13:32:32, 188, 2230, 2 
26/Jan/2017:13:32:32, 856, 1120, 1 
26/Jan/2017:13:32:32, 188, 2215, 2 
26/Jan/2017:13:32:32, 856, 1140, 1 
26/Jan/2017:13:32:32, 188, 2245, 2 
26/Jan/2017:13:32:32, 856, 1120, 1 
26/Jan/2017:13:32:32, 188, 2240, 2 
26/Jan/2017:13:32:32, 856, 1110, 1 
26/Jan/2017:13:32:32, 188, 2240, 2 
26/Jan/2017:13:32:32, 856, 1120, 1 
26/Jan/2017:13:32:32, 188, 225, 2 
26/Jan/2017:13:32:32, 856, 1110, 1 
26/Jan/2017:13:32:32, 188, 2250, 2 
26/Jan/2017:13:32:32, 856, 1140, 1 
26/Jan/2017:13:32:32, 188, 2245, 2 
26/Jan/2017:13:32:32, 856, 1120, 1 
26/Jan/2017:13:32:32, 188, 2250, 2 
26/Jan/2017:13:32:32, 59, 1140, 1 
26/Jan/2017:13:32:32, 294, 2230, 2 
26/Jan/2017:13:32:32, 905, 1150, 1 
26/Jan/2017:13:32:32, 181, 2215, 2 
26/Jan/2017:13:32:32, 905, 1150, 1 
26/Jan/2017:13:32:32, 181, 2220, 2 
26/Jan/2017:13:32:32, 905, 1120, 1 
26/Jan/2017:13:32:32, 181, 2230, 2 
26/Jan/2017:13:32:32, 905, 1150, 1 
26/Jan/2017:13:32:32, 181, 2245, 2 
26/Jan/2017:13:32:32, 905, 1120, 1 
26/Jan/2017:13:32:32, 181, 2210, 2 
26/Jan/2017:13:32:32, 905, 1140, 1 
26/Jan/2017:13:32:32, 181, 2230, 2 
26/Jan/2017:13:32:32, 905, 1130, 1 
26/Jan/2017:13:32:32, 181, 2215, 2 
26/Jan/2017:13:32:32, 905, 1140, 1 
26/Jan/2017:13:32:32, 181, 225, 2 
26/Jan/2017:13:32:32, 905, 1130, 1 
26/Jan/2017:13:32:32, 181, 2210, 2 
26/Jan/2017:13:32:32, 905, 1110, 1 
26/Jan/2017:13:32:32, 181, 2240, 2 
26/Jan/2017:13:32:32, 905, 1120, 1 
26/Jan/2017:13:32:32, 181, 2210, 2 
26/Jan/2017:13:32:32, 905, 1130, 1 
26/Jan/2017:13:32:32, 181, 2220, 2 
26/Jan/2017:13:32:32, 905, 1110, 1 
26/Jan/2017:13:32:32, 181, 2215, 2 
26/Jan/2017:13:32:32, 450, 1130, 1 
26/Jan/2017:13:32:32, 622, 2220, 2 
26/Jan/2017:13:32:32, 450, 1110, 1 
26/Jan/2017:13:32:32, 622, 225, 2 
26/Jan/2017:13:32:32, 450, 1120, 1 
26/Jan/2017:13:32:32, 622, 225, 2 
26/Jan/2017:13:32:32, 450, 1140, 1 
26/Jan/2017:13:32:32, 622, 2240, 2 
26/Jan/2017:13:32:32, 450, 1110, 1 
26/Jan/2017:13:32:32, 622, 2215, 2 
26/Jan/2017:13:32:32, 315, 1140, 1 
26/Jan/2017:13:32:32, 459, 2220, 2 
26/Jan/2017:13:32:32, 315, 1130, 1 
26/Jan/2017:13:32:32, 459, 225, 2 
26/Jan/2017:13:32:32, 315, 1110, 1 
26/Jan/2017:13:32:32, 459, 2215, 2 
26/Jan/2017:13:32:32, 315, 1150, 1 
26/Jan/2017:13:32:32, 459, 2210, 2 
26/Jan/2017:13:32:32, 315, 1130, 1 
26/Jan/2017:13:32:32, 459, 2220, 2 
26/Jan/2017:13:32:32, 315, 1150, 1 
26/Jan/2017:13:32:32, 459, 2225, 2 
26/Jan/2017:13:32:32, 315, 1130, 1 
26/Jan/2017:13:32:32, 459, 2250, 2 
26/Jan/2017:13:32:32, 315, 1110, 1 
26/Jan/2017:13:32:32, 459, 2245, 2 
26/Jan/2017:13:32:32, 315, 1120, 1 
26/Jan/2017:13:32:32, 459, 225, 2 
26/Jan/2017:13:32:32, 315, 1150, 1 
26/Jan/2017:13:32:32, 459, 2220, 2 
26/Jan/2017:13:32:32, 315, 1140, 1 
26/Jan/2017:13:32:32, 459, 225, 2 
26/Jan/2017:13:32:32, 315, 1150, 1 
26/Jan/2017:13:32:32, 459, 2245, 2 
26/Jan/2017:13:32:32, 315, 1150, 1 
26/Jan/2017:13:32:32, 459, 2240, 2 
26/Jan/2017:13:32:32, 315, 1150, 1 
26/Jan/2017:13:32:32, 459, 2230, 2 
26/Jan/2017:13:32:32, 315, 1140, 1 
26/Jan/2017:13:32:32, 459, 2240, 2 
26/Jan/2017:13:32:32, 315, 1150, 1 
26/Jan/2017:13:32:32, 459, 2220, 2 
26/Jan/2017:13:32:32, 315, 1120, 1 
26/Jan/2017:13:32:32, 459, 2220, 2 
26/Jan/2017:13:32:32, 600, 1120, 1 
26/Jan/2017:13:32:32, 474, 2245, 2 
26/Jan/2017:13:32:32, 600, 1110, 1 
26/Jan/2017:13:32:32, 474, 2230, 2 
26/Jan/2017:13:32:32, 600, 1140, 1 
26/Jan/2017:13:32:32, 474, 2245, 2 
26/Jan/2017:13:32:32, 600, 1130, 1 
26/Jan/2017:13:32:32, 474, 225, 2 
26/Jan/2017:13:32:32, 600, 1130, 1 
26/Jan/2017:13:32:32, 474, 2250, 2 
26/Jan/2017:13:32:32, 600, 1130, 1 
26/Jan/2017:13:32:32, 474, 2235, 2 
26/Jan/2017:13:32:32, 600, 1140, 1 
26/Jan/2017:13:32:32, 474, 2240, 2 
26/Jan/2017:13:32:32, 600, 1140, 1 
26/Jan/2017:13:32:32, 474, 2235, 2 
26/Jan/2017:13:32:32, 600, 1130, 1 
26/Jan/2017:13:32:32, 474, 2230, 2 
26/Jan/2017:13:32:32, 600, 1130, 1 
26/Jan/2017:13:32:32, 474, 2220, 2 
26/Jan/2017:13:32:32, 600, 1110, 1 
26/Jan/2017:13:32:32, 474, 2220, 2 
26/Jan/2017:13:32:32, 600, 1150, 1 
26/Jan/2017:13:32:32, 474, 2240, 2 
26/Jan/2017:13:32:32, 600, 1140, 1 
26/Jan/2017:13:32:32, 474, 2240, 2 
26/Jan/2017:13:32:32, 600, 1140, 1 
26/Jan/2017:13:32:32, 474, 2225, 2 
26/Jan/2017:13:32:32, 600, 1110, 1 
26/Jan/2017:13:32:32, 474, 2210, 2 
26/Jan/2017:13:32:32, 600, 1120, 1 
26/Jan/2017:13:32:32, 474, 2225, 2 
26/Jan/2017:13:32:32, 600, 1120, 1 
26/Jan/2017:13:32:32, 474, 2210, 2 
26/Jan/2017:13:32:32, 600, 1150, 1 
26/Jan/2017:13:32:32, 474, 2240, 2 
26/Jan/2017:13:32:32, 600, 1120, 1 
26/Jan/2017:13:32:32, 474, 2230, 2 
26/Jan/2017:13:32:32, 600, 1150, 1 
26/Jan/2017:13:32:32, 474, 2235, 2 
26/Jan/2017:13:32:32, 600, 1130, 1 
26/Jan/2017:13:32:32, 474, 2245, 2 
26/Jan/2017:13:32:32, 600, 1140, 1 
26/Jan/2017:13:32:32, 474, 2245, 2 
26/Jan/2017:13:32:32, 600, 1120, 1 
26/Jan/2017:13:32:32, 474, 225, 2 
26/Jan/2017:13:32:32, 600, 1140, 1 
26/Jan/2017:13:32:32, 474, 2250, 2 
26/Jan/2017:13:32:32, 600, 1130, 1 
26/Jan/2017:13:32:32, 474, 2220, 2 
26/Jan/2017:13:32:32, 600, 1120, 1 
26/Jan/2017:13:32:32, 474, 2210, 2 
26/Jan/2017:13:32:32, 600, 1140, 1 
26/Jan/2017:13:32:32, 474, 2225, 2 
26/Jan/2017:13:32:32, 600, 1130, 1 
26/Jan/2017:13:32:32, 474, 2230, 2 
26/Jan/2017:13:32:32, 600, 1120, 1 
26/Jan/2017:13:32:32, 474, 2215, 2 
26/Jan/2017:13:32:32, 600, 1120, 1 
26/Jan/2017:13:32:32, 474, 2230, 2 
26/Jan/2017:13:32:32, 600, 1140, 1 
26/Jan/2017:13:32:32, 474, 2230, 2 
26/Jan/2017:13:32:32, 600, 1150, 1 
26/Jan/2017:13:32:32, 474, 2250, 2 
26/Jan/2017:13:32:32, 600, 1120, 1 
26/Jan/2017:13:32:32, 474, 2210, 2 
26/Jan/2017:13:32:32, 600, 1110, 1 
26/Jan/2017:13:32:32, 474, 2250, 2 
26/Jan/2017:13:32:32, 600, 1120, 1 
26/Jan/2017:13:32:32, 474, 2235, 2 
26/Jan/2017:13:32:32, 904, 1110, 1 
26/Jan/2017:13:32:32, 887, 2245, 2 
26/Jan/2017:13:32:32, 193, 1130, 1 
26/Jan/2017:13:32:32, 487, 2235, 2 
26/Jan/2017:13:32:32, 193, 1150, 1 
26/Jan/2017:13:32:32, 487, 2220, 2 
26/Jan/2017:13:32:32, 193, 1120, 1 
26/Jan/2017:13:32:32, 487, 2230, 2 
26/Jan/2017:13:32:32, 193, 1120, 1 
26/Jan/2017:13:32:32, 487, 2225, 2 
26/Jan/2017:13:32:32, 703, 1110, 1 
26/Jan/2017:13:32:32, 243, 2235, 2 
26/Jan/2017:13:32:32, 703, 1140, 1 
26/Jan/2017:13:32:32, 243, 2230, 2 
26/Jan/2017:13:32:32, 703, 1140, 1 
26/Jan/2017:13:32:32, 243, 2215, 2 
26/Jan/2017:13:32:32, 703, 1140, 1 
26/Jan/2017:13:32:32, 243, 2215, 2 
26/Jan/2017:13:32:32, 703, 1140, 1 
26/Jan/2017:13:32:32, 243, 2215, 2 
26/Jan/2017:13:32:32, 703, 1140, 1 
26/Jan/2017:13:32:32, 243, 2210, 2 
26/Jan/2017:13:32:32, 703, 1130, 1 
26/Jan/2017:13:32:32, 243, 2225, 2 
26/Jan/2017:13:32:32, 703, 1120, 1 
26/Jan/2017:13:32:32, 243, 2215, 2 
26/Jan/2017:13:32:32, 703, 1120, 1 
26/Jan/2017:13:32:32, 243, 2245, 2 
26/Jan/2017:13:32:32, 703, 1140, 1 
26/Jan/2017:13:32:32, 243, 2240, 2 
26/Jan/2017:13:32:32, 703, 1120, 1 
26/Jan/2017:13:32:32, 243, 2220, 2 
26/Jan/2017:13:32:32, 703, 1140, 1 
26/Jan/2017:13:32:32, 243, 2250, 2 
26/Jan/2017:13:32:32, 703, 1120, 1 
26/Jan/2017:13:32:32, 243, 2230, 2 
26/Jan/2017:13:32:32, 703, 1120, 1 
26/Jan/2017:13:32:32, 243, 2220, 2 
26/Jan/2017:13:32:32, 703, 1140, 1 
26/Jan/2017:13:32:32, 243, 2225, 2 
26/Jan/2017:13:32:32, 703, 1110, 1 
26/Jan/2017:13:32:32, 243, 2235, 2 
26/Jan/2017:13:32:32, 703, 1150, 1 
26/Jan/2017:13:32:32, 243, 2215, 2 
26/Jan/2017:13:32:32, 703, 1130, 1 
26/Jan/2017:13:32:32, 243, 2225, 2 
26/Jan/2017:13:32:32, 703, 1130, 1 
26/Jan/2017:13:32:32, 243, 2235, 2 
26/Jan/2017:13:32:32, 703, 1130, 1 
26/Jan/2017:13:32:32, 243, 2225, 2 
26/Jan/2017:13:32:32, 703, 1120, 1 
26/Jan/2017:13:32:32, 243, 2225, 2 
26/Jan/2017:13:32:32, 703, 1110, 1 
26/Jan/2017:13:32:32, 243, 2225, 2 
26/Jan/2017:13:32:32, 703, 1120, 1 
26/Jan/2017:13:32:32, 243, 2210, 2 
26/Jan/2017:13:32:32, 703, 1140, 1 
26/Jan/2017:13:32:32, 243, 2215, 2 
26/Jan/2017:13:32:32, 703, 1130, 1 
26/Jan/2017:13:32:32, 243, 2215, 2 
26/Jan/2017:13:32:32, 703, 1150, 1 
26/Jan/2017:13:32:32, 243, 225, 2 
26/Jan/2017:13:32:32, 703, 1140, 1 
26/Jan/2017:13:32:32, 243, 2225, 2 
26/Jan/2017:13:32:32, 703, 1120, 1 
26/Jan/2017:13:32:32, 243, 225, 2 
26/Jan/2017:13:32:32, 703, 1120, 1 
26/Jan/2017:13:32:32, 243, 2240, 2 
26/Jan/2017:13:32:32, 703, 1110, 1 
26/Jan/2017:13:32:32, 243, 2225, 2 
26/Jan/2017:13:32:32, 703, 1130, 1 
26/Jan/2017:13:32:32, 243, 2220, 2 
26/Jan/2017:13:32:32, 703, 1150, 1 
26/Jan/2017:13:32:32, 243, 2215, 2 
26/Jan/2017:13:32:32, 703, 1120, 1 
26/Jan/2017:13:32:32, 243, 2215, 2 
26/Jan/2017:13:32:32, 703, 1150, 1 
26/Jan/2017:13:32:32, 243, 2225, 2 
26/Jan/2017:13:32:32, 703, 1150, 1 
26/Jan/2017:13:32:32, 243, 2220, 2 
26/Jan/2017:13:32:32, 379, 1120, 1 
26/Jan/2017:13:32:32, 567, 2250, 2 
26/Jan/2017:13:32:32, 379, 1120, 1 
26/Jan/2017:13:32:32, 567, 2240, 2 
26/Jan/2017:13:32:32, 379, 1110, 1 
26/Jan/2017:13:32:32, 567, 2235, 2 
26/Jan/2017:13:32:32, 379, 1140, 1 
26/Jan/2017:13:32:32, 567, 2250, 2 
26/Jan/2017:13:32:32, 379, 1150, 1 
26/Jan/2017:13:32:32, 567, 2235, 2 
26/Jan/2017:13:32:32, 379, 1140, 1 
26/Jan/2017:13:32:32, 567, 2230, 2 
26/Jan/2017:13:32:32, 379, 1130, 1 
26/Jan/2017:13:32:32, 567, 2220, 2 
26/Jan/2017:13:32:32, 379, 1120, 1 
26/Jan/2017:13:32:32, 567, 225, 2 
26/Jan/2017:13:32:32, 379, 1140, 1 
26/Jan/2017:13:32:32, 567, 2220, 2 
26/Jan/2017:13:32:32, 766, 1140, 1 
26/Jan/2017:13:32:32, 148, 2215, 2 
26/Jan/2017:13:32:32, 766, 1130, 1 
26/Jan/2017:13:32:32, 148, 2245, 2 
26/Jan/2017:13:32:32, 766, 1130, 1 
26/Jan/2017:13:32:32, 148, 2235, 2 
26/Jan/2017:13:32:32, 766, 1120, 1 
26/Jan/2017:13:32:32, 148, 2215, 2 
26/Jan/2017:13:32:32, 766, 1140, 1 
26/Jan/2017:13:32:32, 148, 225, 2 
26/Jan/2017:13:32:32, 766, 1140, 1 
26/Jan/2017:13:32:32, 148, 2215, 2 
26/Jan/2017:13:32:32, 766, 1130, 1 
26/Jan/2017:13:32:32, 148, 225, 2 
26/Jan/2017:13:32:32, 766, 1140, 1 
26/Jan/2017:13:32:32, 148, 2230, 2 
26/Jan/2017:13:32:32, 766, 1130, 1 
26/Jan/2017:13:32:32, 148, 2235, 2 
26/Jan/2017:13:32:32, 766, 1130, 1 
26/Jan/2017:13:32:32, 148, 225, 2 
26/Jan/2017:13:32:32, 766, 1120, 1 
26/Jan/2017:13:32:32, 148, 2215, 2 
26/Jan/2017:13:32:32, 668, 1150, 1 
26/Jan/2017:13:32:32, 273, 2225, 2 
26/Jan/2017:13:32:32, 265, 1150, 1 
26/Jan/2017:13:32:32, 555, 2240, 2 
26/Jan/2017:13:32:32, 265, 1140, 1 
26/Jan/2017:13:32:32, 555, 2215, 2 
26/Jan/2017:13:32:32, 265, 1110, 1 
26/Jan/2017:13:32:32, 555, 2240, 2 
26/Jan/2017:13:32:32, 265, 1140, 1 
26/Jan/2017:13:32:32, 555, 2215, 2 
26/Jan/2017:13:32:32, 265, 1150, 1 
26/Jan/2017:13:32:32, 555, 2235, 2 
26/Jan/2017:13:32:32, 265, 1130, 1 
26/Jan/2017:13:32:32, 555, 2210, 2 
26/Jan/2017:13:32:32, 265, 1110, 1 
26/Jan/2017:13:32:32, 555, 2240, 2 
26/Jan/2017:13:32:32, 265, 1140, 1 
26/Jan/2017:13:32:32, 555, 2220, 2 
26/Jan/2017:13:32:32, 265, 1140, 1 
26/Jan/2017:13:32:32, 555, 225, 2 
26/Jan/2017:13:32:32, 265, 1140, 1 
26/Jan/2017:13:32:32, 555, 2240, 2 
26/Jan/2017:13:32:32, 265, 1130, 1 
26/Jan/2017:13:32:32, 555, 2220, 2 
26/Jan/2017:13:32:32, 265, 1110, 1 
26/Jan/2017:13:32:32, 555, 2240, 2 
26/Jan/2017:13:32:32, 265, 1130, 1 
26/Jan/2017:13:32:32, 555, 2220, 2 
26/Jan/2017:13:32:32, 265, 1120, 1 
26/Jan/2017:13:32:32, 555, 2250, 2 
26/Jan/2017:13:32:32, 265, 1120, 1 
26/Jan/2017:13:32:32, 555, 225, 2 
26/Jan/2017:13:32:32, 265, 1110, 1 
26/Jan/2017:13:32:32, 555, 2250, 2 
26/Jan/2017:13:32:32, 265, 1110, 1 
26/Jan/2017:13:32:32, 555, 2235, 2 
26/Jan/2017:13:32:32, 265, 1120, 1 
26/Jan/2017:13:32:32, 555, 2230, 2 
26/Jan/2017:13:32:32, 265, 1120, 1 
26/Jan/2017:13:32:32, 555, 2230, 2 
26/Jan/2017:13:32:32, 265, 1150, 1 
26/Jan/2017:13:32:32, 555, 2235, 2 
26/Jan/2017:13:32:32, 265, 1150, 1 
26/Jan/2017:13:32:32, 555, 2210, 2 
26/Jan/2017:13:32:32, 287, 1120, 1 
26/Jan/2017:13:32:32, 169, 2230, 2 
26/Jan/2017:13:32:32, 287, 1110, 1 
26/Jan/2017:13:32:32, 169, 2225, 2 
26/Jan/2017:13:32:32, 287, 1110, 1 
26/Jan/2017:13:32:32, 169, 225, 2 
26/Jan/2017:13:32:32, 287, 1130, 1 
26/Jan/2017:13:32:32, 169, 2240, 2 
26/Jan/2017:13:32:32, 287, 1120, 1 
26/Jan/2017:13:32:32, 169, 2225, 2 
26/Jan/2017:13:32:32, 287, 1120, 1 
26/Jan/2017:13:32:32, 169, 2245, 2 
26/Jan/2017:13:32:32, 287, 1110, 1 
26/Jan/2017:13:32:32, 169, 2240, 2 
26/Jan/2017:13:32:32, 287, 1140, 1 
26/Jan/2017:13:32:32, 169, 2220, 2 
26/Jan/2017:13:32:32, 287, 1130, 1 
26/Jan/2017:13:32:32, 169, 2235, 2 
26/Jan/2017:13:32:32, 287, 1120, 1 
26/Jan/2017:13:32:32, 169, 2240, 2 
26/Jan/2017:13:32:32, 287, 1120, 1 
26/Jan/2017:13:32:32, 169, 2250, 2 
26/Jan/2017:13:32:32, 425, 1150, 1 
26/Jan/2017:13:32:32, 414, 225, 2 
26/Jan/2017:13:32:32, 425, 1140, 1 
26/Jan/2017:13:32:32, 414, 225, 2 
26/Jan/2017:13:32:32, 425, 1130, 1 
26/Jan/2017:13:32:32, 414, 2240, 2 
26/Jan/2017:13:32:32, 425, 1130, 1 
26/Jan/2017:13:32:32, 414, 2210, 2 
26/Jan/2017:13:32:32, 425, 1130, 1 
26/Jan/2017:13:32:32, 414, 2235, 2 
26/Jan/2017:13:32:32, 425, 1140, 1 
26/Jan/2017:13:32:32, 414, 2250, 2 
26/Jan/2017:13:32:32, 425, 1110, 1 
26/Jan/2017:13:32:32, 414, 2220, 2 
26/Jan/2017:13:32:32, 425, 1150, 1 
26/Jan/2017:13:32:32, 414, 2215, 2 
26/Jan/2017:13:32:32, 425, 1110, 1 
26/Jan/2017:13:32:32, 414, 2230, 2 
26/Jan/2017:13:32:32, 425, 1120, 1 
26/Jan/2017:13:32:32, 414, 2250, 2 
26/Jan/2017:13:32:32, 425, 1150, 1 
26/Jan/2017:13:32:32, 414, 225, 2 
26/Jan/2017:13:32:32, 141, 1140, 1 
26/Jan/2017:13:32:32, 23, 2235, 2 
26/Jan/2017:13:32:32, 141, 1130, 1 
26/Jan/2017:13:32:32, 23, 2245, 2 
26/Jan/2017:13:32:32, 523, 1120, 1 
26/Jan/2017:13:32:32, 946, 2250, 2 
26/Jan/2017:13:32:32, 523, 1110, 1 
26/Jan/2017:13:32:32, 946, 225, 2 
26/Jan/2017:13:32:32, 740, 1110, 1 
26/Jan/2017:13:32:32, 771, 2225, 2 
26/Jan/2017:13:32:32, 740, 1130, 1 
26/Jan/2017:13:32:32, 771, 2250, 2 
26/Jan/2017:13:32:32, 740, 1130, 1 
26/Jan/2017:13:32:32, 771, 2220, 2 
26/Jan/2017:13:32:32, 740, 1140, 1 
26/Jan/2017:13:32:32, 771, 2250, 2 
26/Jan/2017:13:32:32, 740, 1130, 1 
26/Jan/2017:13:32:32, 771, 2220, 2 
26/Jan/2017:13:32:32, 374, 1130, 1 
26/Jan/2017:13:32:32, 135, 2220, 2 
26/Jan/2017:13:32:32, 871, 1130, 1 
26/Jan/2017:13:32:32, 663, 2250, 2 
26/Jan/2017:13:32:32, 871, 1110, 1 
26/Jan/2017:13:32:32, 663, 2240, 2 
26/Jan/2017:13:32:32, 871, 1110, 1 
26/Jan/2017:13:32:32, 663, 2220, 2 
26/Jan/2017:13:32:32, 871, 1140, 1 
26/Jan/2017:13:32:32, 663, 2215, 2 
26/Jan/2017:13:32:32, 871, 1120, 1 
26/Jan/2017:13:32:32, 663, 2230, 2 
26/Jan/2017:13:32:32, 407, 1110, 1 
26/Jan/2017:13:32:32, 807, 2220, 2 
26/Jan/2017:13:32:32, 407, 1150, 1 
26/Jan/2017:13:32:32, 807, 2220, 2 
26/Jan/2017:13:32:32, 407, 1150, 1 
26/Jan/2017:13:32:32, 807, 2210, 2 
26/Jan/2017:13:32:32, 519, 1150, 1 
26/Jan/2017:13:32:32, 297, 2230, 2 
26/Jan/2017:13:32:32, 519, 1120, 1 
26/Jan/2017:13:32:32, 297, 2240, 2 
26/Jan/2017:13:32:32, 519, 1140, 1 
26/Jan/2017:13:32:32, 297, 225, 2 
26/Jan/2017:13:32:32, 519, 1130, 1 
26/Jan/2017:13:32:32, 297, 2210, 2 
26/Jan/2017:13:32:32, 519, 1150, 1 
26/Jan/2017:13:32:32, 297, 2230, 2 
26/Jan/2017:13:32:32, 519, 1150, 1 
26/Jan/2017:13:32:32, 297, 2215, 2 
26/Jan/2017:13:32:32, 519, 1140, 1 
26/Jan/2017:13:32:32, 297, 2230, 2 
26/Jan/2017:13:32:32, 519, 1140, 1 
26/Jan/2017:13:32:32, 297, 2250, 2 
26/Jan/2017:13:32:32, 578, 1110, 1 
26/Jan/2017:13:32:32, 595, 2245, 2 
26/Jan/2017:13:32:32, 578, 1140, 1 
26/Jan/2017:13:32:32, 595, 2210, 2 
26/Jan/2017:13:32:32, 578, 1130, 1 
26/Jan/2017:13:32:32, 595, 2210, 2 
26/Jan/2017:13:32:32, 578, 1130, 1 
26/Jan/2017:13:32:32, 595, 225, 2 
26/Jan/2017:13:32:32, 690, 1140, 1 
26/Jan/2017:13:32:32, 884, 2235, 2 
26/Jan/2017:13:32:32, 690, 1120, 1 
26/Jan/2017:13:32:32, 884, 2230, 2 
26/Jan/2017:13:32:32, 690, 1120, 1 
26/Jan/2017:13:32:32, 884, 2220, 2 
26/Jan/2017:13:32:32, 622, 1130, 1 
26/Jan/2017:13:32:32, 85, 225, 2 
26/Jan/2017:13:32:32, 622, 1120, 1 
26/Jan/2017:13:32:32, 85, 2240, 2 
26/Jan/2017:13:32:32, 622, 1110, 1 
26/Jan/2017:13:32:32, 85, 2225, 2 
26/Jan/2017:13:32:32, 622, 1120, 1 
26/Jan/2017:13:32:32, 85, 2230, 2 
26/Jan/2017:13:32:32, 622, 1110, 1 
26/Jan/2017:13:32:32, 85, 2210, 2 
26/Jan/2017:13:32:32, 622, 1120, 1 
26/Jan/2017:13:32:32, 85, 2245, 2 
26/Jan/2017:13:32:32, 622, 1130, 1 
26/Jan/2017:13:32:32, 85, 2210, 2 
26/Jan/2017:13:32:32, 622, 1120, 1 
26/Jan/2017:13:32:32, 85, 2240, 2 
26/Jan/2017:13:32:32, 622, 1130, 1 
26/Jan/2017:13:32:32, 85, 2250, 2 
26/Jan/2017:13:32:32, 622, 1140, 1 
26/Jan/2017:13:32:32, 85, 2225, 2 
26/Jan/2017:13:32:32, 622, 1120, 1 
26/Jan/2017:13:32:32, 85, 2250, 2 
26/Jan/2017:13:32:32, 622, 1130, 1 
26/Jan/2017:13:32:32, 85, 2250, 2 
26/Jan/2017:13:32:32, 622, 1130, 1 
26/Jan/2017:13:32:32, 85, 2235, 2 
26/Jan/2017:13:32:32, 622, 1150, 1 
26/Jan/2017:13:32:32, 85, 2225, 2 
26/Jan/2017:13:32:32, 622, 1110, 1 
26/Jan/2017:13:32:32, 85, 225, 2 
26/Jan/2017:13:32:32, 622, 1110, 1 
26/Jan/2017:13:32:32, 85, 2240, 2 
26/Jan/2017:13:32:32, 622, 1140, 1 
26/Jan/2017:13:32:32, 85, 2245, 2 
26/Jan/2017:13:32:32, 622, 1140, 1 
26/Jan/2017:13:32:32, 85, 225, 2 
26/Jan/2017:13:32:32, 622, 1150, 1 
26/Jan/2017:13:32:32, 85, 2240, 2 
26/Jan/2017:13:32:32, 622, 1120, 1 
26/Jan/2017:13:32:32, 85, 2250, 2 
26/Jan/2017:13:32:32, 622, 1120, 1 
26/Jan/2017:13:32:32, 85, 2250, 2 
26/Jan/2017:13:32:32, 622, 1110, 1 
26/Jan/2017:13:32:32, 85, 2220, 2 
26/Jan/2017:13:32:32, 209, 1130, 1 
26/Jan/2017:13:32:32, 205, 2230, 2 
26/Jan/2017:13:32:32, 209, 1110, 1 
26/Jan/2017:13:32:32, 205, 2240, 2 
26/Jan/2017:13:32:32, 209, 1150, 1 
26/Jan/2017:13:32:32, 205, 2225, 2 
26/Jan/2017:13:32:32, 209, 1140, 1 
26/Jan/2017:13:32:32, 205, 2235, 2 
26/Jan/2017:13:32:32, 209, 1140, 1 
26/Jan/2017:13:32:32, 205, 2240, 2 
26/Jan/2017:13:32:32, 921, 1140, 1 
26/Jan/2017:13:32:32, 661, 2215, 2 
26/Jan/2017:13:32:32, 921, 1120, 1 
26/Jan/2017:13:32:32, 661, 2250, 2 
26/Jan/2017:13:32:32, 921, 1120, 1 
26/Jan/2017:13:32:32, 661, 2235, 2 
26/Jan/2017:13:32:32, 921, 1140, 1 
26/Jan/2017:13:32:32, 661, 2245, 2 
26/Jan/2017:13:32:32, 921, 1120, 1 
26/Jan/2017:13:32:32, 661, 2210, 2 
26/Jan/2017:13:32:32, 921, 1110, 1 
26/Jan/2017:13:32:32, 661, 2250, 2 
26/Jan/2017:13:32:32, 921, 1120, 1 
26/Jan/2017:13:32:32, 661, 2230, 2 
26/Jan/2017:13:32:32, 921, 1130, 1 
26/Jan/2017:13:32:32, 661, 2230, 2 
26/Jan/2017:13:32:32, 921, 1110, 1 
26/Jan/2017:13:32:32, 661, 2210, 2 
26/Jan/2017:13:32:32, 921, 1150, 1 
26/Jan/2017:13:32:32, 661, 2230, 2 
26/Jan/2017:13:32:32, 921, 1120, 1 
26/Jan/2017:13:32:32, 661, 2210, 2 
26/Jan/2017:13:32:32, 921, 1130, 1 
26/Jan/2017:13:32:32, 661, 2245, 2 
26/Jan/2017:13:32:32, 921, 1140, 1 
26/Jan/2017:13:32:32, 661, 2235, 2 
26/Jan/2017:13:32:32, 921, 1120, 1 
26/Jan/2017:13:32:32, 661, 2210, 2 
26/Jan/2017:13:32:32, 921, 1110, 1 
26/Jan/2017:13:32:32, 661, 2245, 2 
26/Jan/2017:13:32:32, 357, 1140, 1 
26/Jan/2017:13:32:32, 911, 225, 2 
26/Jan/2017:13:32:32, 357, 1140, 1 
26/Jan/2017:13:32:32, 911, 2215, 2 
26/Jan/2017:13:32:32, 357, 1130, 1 
26/Jan/2017:13:32:32, 911, 2210, 2 
26/Jan/2017:13:32:32, 357, 1110, 1 
26/Jan/2017:13:32:32, 911, 2215, 2 
26/Jan/2017:13:32:32, 357, 1140, 1 
26/Jan/2017:13:32:32, 911, 225, 2 
26/Jan/2017:13:32:32, 357, 1150, 1 
26/Jan/2017:13:32:32, 911, 2225, 2 
26/Jan/2017:13:32:32, 357, 1110, 1 
26/Jan/2017:13:32:32, 911, 225, 2 
26/Jan/2017:13:32:32, 261, 1120, 1 
26/Jan/2017:13:32:32, 342, 2210, 2 
26/Jan/2017:13:32:32, 261, 1130, 1 
26/Jan/2017:13:32:32, 342, 2240, 2 
26/Jan/2017:13:32:32, 261, 1120, 1 
26/Jan/2017:13:32:32, 342, 2225, 2 
26/Jan/2017:13:32:32, 963, 1130, 1 
26/Jan/2017:13:32:32, 636, 2220, 2 
26/Jan/2017:13:32:32, 431, 1150, 1 
26/Jan/2017:13:32:32, 35, 2225, 2 
26/Jan/2017:13:32:32, 431, 1120, 1 
26/Jan/2017:13:32:32, 35, 2250, 2 
26/Jan/2017:13:32:32, 431, 1110, 1 
26/Jan/2017:13:32:32, 35, 2240, 2 
26/Jan/2017:13:32:32, 431, 1140, 1 
26/Jan/2017:13:32:32, 35, 2215, 2 
26/Jan/2017:13:32:32, 431, 1120, 1 
26/Jan/2017:13:32:32, 35, 2210, 2 
26/Jan/2017:13:32:32, 431, 1130, 1 
26/Jan/2017:13:32:32, 35, 2220, 2 
26/Jan/2017:13:32:32, 431, 1150, 1 
26/Jan/2017:13:32:32, 35, 2240, 2 
26/Jan/2017:13:32:32, 431, 1110, 1 
26/Jan/2017:13:32:32, 35, 2240, 2 
26/Jan/2017:13:32:32, 431, 1130, 1 
26/Jan/2017:13:32:32, 35, 2215, 2 
26/Jan/2017:13:32:32, 431, 1130, 1 
26/Jan/2017:13:32:32, 35, 2240, 2 
26/Jan/2017:13:32:32, 431, 1150, 1 
26/Jan/2017:13:32:32, 35, 225, 2 
26/Jan/2017:13:32:32, 431, 1110, 1 
26/Jan/2017:13:32:32, 35, 225, 2 
26/Jan/2017:13:32:32, 431, 1130, 1 
26/Jan/2017:13:32:32, 35, 2250, 2 
26/Jan/2017:13:32:32, 114, 1150, 1 
26/Jan/2017:13:32:32, 332, 2240, 2 
26/Jan/2017:13:32:32, 946, 1140, 1 
26/Jan/2017:13:32:32, 575, 2250, 2 
26/Jan/2017:13:32:32, 946, 1120, 1 
26/Jan/2017:13:32:32, 575, 2215, 2 
26/Jan/2017:13:32:32, 946, 1110, 1 
26/Jan/2017:13:32:32, 575, 2220, 2 
26/Jan/2017:13:32:32, 946, 1130, 1 
26/Jan/2017:13:32:32, 575, 2240, 2 
26/Jan/2017:13:32:32, 603, 1140, 1 
26/Jan/2017:13:32:32, 18, 2210, 2 
26/Jan/2017:13:32:32, 890, 1150, 1 
26/Jan/2017:13:32:32, 240, 2215, 2 
26/Jan/2017:13:32:32, 890, 1110, 1 
26/Jan/2017:13:32:32, 240, 2220, 2 
26/Jan/2017:13:32:32, 160, 1130, 1 
26/Jan/2017:13:32:32, 471, 2250, 2 
26/Jan/2017:13:32:32, 160, 1110, 1 
26/Jan/2017:13:32:32, 471, 2210, 2 
26/Jan/2017:13:32:32, 160, 1150, 1 
26/Jan/2017:13:32:32, 471, 225, 2 
26/Jan/2017:13:32:32, 160, 1150, 1 
26/Jan/2017:13:32:32, 471, 2245, 2 
26/Jan/2017:13:32:32, 469, 1140, 1 
26/Jan/2017:13:32:32, 153, 2240, 2 
26/Jan/2017:13:32:32, 469, 1130, 1 
26/Jan/2017:13:32:32, 153, 225, 2 
26/Jan/2017:13:32:32, 469, 1140, 1 
26/Jan/2017:13:32:32, 153, 2220, 2 
26/Jan/2017:13:32:32, 469, 1110, 1 
26/Jan/2017:13:32:32, 153, 2240, 2 
26/Jan/2017:13:32:32, 469, 1140, 1 
26/Jan/2017:13:32:32, 153, 2225, 2 
26/Jan/2017:13:32:32, 469, 1150, 1 
26/Jan/2017:13:32:32, 153, 225, 2 
26/Jan/2017:13:32:32, 469, 1130, 1 
26/Jan/2017:13:32:32, 153, 2240, 2 
26/Jan/2017:13:32:32, 469, 1120, 1 
26/Jan/2017:13:32:32, 153, 2250, 2 
26/Jan/2017:13:32:32, 469, 1150, 1 
26/Jan/2017:13:32:32, 153, 2225, 2 
26/Jan/2017:13:32:32, 469, 1120, 1 
26/Jan/2017:13:32:32, 153, 2250, 2 
26/Jan/2017:13:32:32, 469, 1150, 1 
26/Jan/2017:13:32:32, 153, 2215, 2 
26/Jan/2017:13:32:32, 469, 1140, 1 
26/Jan/2017:13:32:32, 153, 2220, 2 
26/Jan/2017:13:32:32, 469, 1150, 1 
26/Jan/2017:13:32:32, 153, 2210, 2 
26/Jan/2017:13:32:32, 145, 1120, 1 
26/Jan/2017:13:32:32, 577, 2240, 2 
26/Jan/2017:13:32:32, 145, 1110, 1 
26/Jan/2017:13:32:32, 577, 2230, 2 
26/Jan/2017:13:32:32, 145, 1120, 1 
26/Jan/2017:13:32:32, 577, 2210, 2 
26/Jan/2017:13:32:32, 145, 1130, 1 
26/Jan/2017:13:32:32, 577, 2245, 2 
26/Jan/2017:13:32:32, 145, 1150, 1 
26/Jan/2017:13:32:32, 577, 2220, 2 
26/Jan/2017:13:32:32, 524, 1130, 1 
26/Jan/2017:13:32:32, 598, 2215, 2 
26/Jan/2017:13:32:32, 524, 1150, 1 
26/Jan/2017:13:32:32, 598, 2220, 2 
26/Jan/2017:13:32:32, 524, 1120, 1 
26/Jan/2017:13:32:32, 598, 2245, 2 
26/Jan/2017:13:32:32, 524, 1150, 1 
26/Jan/2017:13:32:32, 598, 2240, 2 
26/Jan/2017:13:32:32, 866, 1140, 1 
26/Jan/2017:13:32:32, 413, 225, 2 
26/Jan/2017:13:32:32, 866, 1130, 1 
26/Jan/2017:13:32:32, 413, 2240, 2 
26/Jan/2017:13:32:32, 866, 1150, 1 
26/Jan/2017:13:32:32, 413, 225, 2 
26/Jan/2017:13:32:32, 866, 1140, 1 
26/Jan/2017:13:32:32, 413, 2225, 2 
26/Jan/2017:13:32:32, 866, 1110, 1 
26/Jan/2017:13:32:32, 413, 2230, 2 
26/Jan/2017:13:32:32, 866, 1140, 1 
26/Jan/2017:13:32:32, 413, 2250, 2 
26/Jan/2017:13:32:32, 866, 1120, 1 
26/Jan/2017:13:32:32, 413, 2235, 2 
26/Jan/2017:13:32:32, 866, 1130, 1 
26/Jan/2017:13:32:32, 413, 2220, 2 
26/Jan/2017:13:32:32, 866, 1130, 1 
26/Jan/2017:13:32:32, 413, 2245, 2 
26/Jan/2017:13:32:32, 866, 1140, 1 
26/Jan/2017:13:32:32, 413, 2240, 2 
26/Jan/2017:13:32:32, 866, 1110, 1 
26/Jan/2017:13:32:32, 413, 2235, 2 
26/Jan/2017:13:32:32, 866, 1120, 1 
26/Jan/2017:13:32:32, 413, 2240, 2 
26/Jan/2017:13:32:32, 866, 1140, 1 
26/Jan/2017:13:32:32, 413, 2230, 2 
26/Jan/2017:13:32:32, 866, 1150, 1 
26/Jan/2017:13:32:32, 413, 2220, 2 
26/Jan/2017:13:32:32, 866, 1110, 1 
26/Jan/2017:13:32:32, 413, 2210, 2 
26/Jan/2017:13:32:32, 823, 1150, 1 
26/Jan/2017:13:32:32, 320, 2220, 2 
26/Jan/2017:13:32:32, 823, 1140, 1 
26/Jan/2017:13:32:32, 320, 2210, 2 
26/Jan/2017:13:32:32, 823, 1140, 1 
26/Jan/2017:13:32:32, 320, 2215, 2 
26/Jan/2017:13:32:32, 823, 1120, 1 
26/Jan/2017:13:32:32, 320, 2235, 2 
26/Jan/2017:13:32:32, 517, 1110, 1 
26/Jan/2017:13:32:32, 118, 2220, 2 
26/Jan/2017:13:32:32, 517, 1110, 1 
26/Jan/2017:13:32:32, 118, 225, 2 
26/Jan/2017:13:32:32, 517, 1110, 1 
26/Jan/2017:13:32:32, 118, 2240, 2 
26/Jan/2017:13:32:32, 517, 1120, 1 
26/Jan/2017:13:32:32, 118, 2210, 2 
26/Jan/2017:13:32:32, 997, 1140, 1 
26/Jan/2017:13:32:32, 455, 2240, 2 
