26/Jan/2017:13:32:32, 746, 2235, 2 
26/Jan/2017:13:32:32, 614, 1110, 1 
26/Jan/2017:13:32:32, 959, 1110, 1 
26/Jan/2017:13:32:32, 472, 2245, 2 
26/Jan/2017:13:32:32, 52, 2220, 2 
26/Jan/2017:13:32:32, 488, 2250, 2 
26/Jan/2017:13:32:32, 885, 1120, 1 
26/Jan/2017:13:32:32, 210, 1130, 1 
26/Jan/2017:13:32:32, 573, 1110, 1 
26/Jan/2017:13:32:32, 609, 2225, 2 
26/Jan/2017:13:32:32, 231, 1120, 1 
26/Jan/2017:13:32:32, 339, 1140, 1 
26/Jan/2017:13:32:32, 937, 1140, 1 
26/Jan/2017:13:32:32, 693, 1130, 1 
26/Jan/2017:13:32:32, 600, 1140, 1 
26/Jan/2017:13:32:32, 126, 2230, 2 
26/Jan/2017:13:32:32, 538, 2240, 2 
26/Jan/2017:13:32:32, 81, 2240, 2 
26/Jan/2017:13:32:32, 398, 2250, 2 
26/Jan/2017:13:32:32, 332, 2250, 2 
26/Jan/2017:13:32:32, 4, 2210, 2 
26/Jan/2017:13:32:32, 218, 2225, 2 
26/Jan/2017:13:32:32, 480, 1130, 1 
26/Jan/2017:13:32:32, 38, 1140, 1 
26/Jan/2017:13:32:32, 314, 2235, 2 
26/Jan/2017:13:32:32, 812, 1130, 1 
26/Jan/2017:13:32:32, 103, 1120, 1 
26/Jan/2017:13:32:32, 906, 2215, 2 
26/Jan/2017:13:32:32, 719, 2250, 2 
26/Jan/2017:13:32:32, 46, 2250, 2 
26/Jan/2017:13:32:32, 178, 1120, 1 
26/Jan/2017:13:32:32, 941, 2225, 2 
26/Jan/2017:13:32:32, 651, 1130, 1 
26/Jan/2017:13:32:32, 744, 2220, 2 
26/Jan/2017:13:32:32, 597, 1120, 1 
26/Jan/2017:13:32:32, 325, 2210, 2 
26/Jan/2017:13:32:32, 883, 2230, 2 
26/Jan/2017:13:32:32, 948, 1140, 1 
26/Jan/2017:13:32:32, 525, 1110, 1 
26/Jan/2017:13:32:32, 747, 1110, 1 
26/Jan/2017:13:32:32, 651, 2210, 2 
26/Jan/2017:13:32:32, 269, 225, 2 
26/Jan/2017:13:32:32, 675, 1150, 1 
26/Jan/2017:13:32:32, 202, 1130, 1 
26/Jan/2017:13:32:32, 286, 2215, 2 
26/Jan/2017:13:32:32, 177, 1130, 1 
26/Jan/2017:13:32:32, 646, 1130, 1 
26/Jan/2017:13:32:32, 539, 1150, 1 
26/Jan/2017:13:32:32, 705, 2225, 2 
26/Jan/2017:13:32:32, 538, 2230, 2 
26/Jan/2017:13:32:32, 537, 1120, 1 
26/Jan/2017:13:32:32, 977, 2225, 2 
26/Jan/2017:13:32:32, 797, 2220, 2 
26/Jan/2017:13:32:32, 461, 2250, 2 
26/Jan/2017:13:32:32, 898, 1110, 1 
26/Jan/2017:13:32:32, 326, 2240, 2 
26/Jan/2017:13:32:32, 924, 1120, 1 
26/Jan/2017:13:32:32, 577, 2245, 2 
26/Jan/2017:13:32:32, 376, 2240, 2 
26/Jan/2017:13:32:32, 412, 2235, 2 
26/Jan/2017:13:32:32, 938, 1120, 1 
26/Jan/2017:13:32:32, 420, 1140, 1 
26/Jan/2017:13:32:32, 125, 1150, 1 
26/Jan/2017:13:32:32, 611, 1130, 1 
26/Jan/2017:13:32:32, 924, 2215, 2 
26/Jan/2017:13:32:32, 163, 2240, 2 
26/Jan/2017:13:32:32, 449, 1140, 1 
26/Jan/2017:13:32:32, 287, 2220, 2 
26/Jan/2017:13:32:32, 293, 2215, 2 
26/Jan/2017:13:32:32, 914, 1110, 1 
26/Jan/2017:13:32:32, 863, 2225, 2 
26/Jan/2017:13:32:32, 778, 1130, 1 
26/Jan/2017:13:32:32, 96, 2230, 2 
26/Jan/2017:13:32:32, 540, 1140, 1 
26/Jan/2017:13:32:32, 342, 1130, 1 
26/Jan/2017:13:32:32, 142, 1120, 1 
26/Jan/2017:13:32:32, 867, 1110, 1 
26/Jan/2017:13:32:32, 147, 225, 2 
26/Jan/2017:13:32:32, 775, 2235, 2 
26/Jan/2017:13:32:32, 761, 2235, 2 
26/Jan/2017:13:32:32, 188, 2250, 2 
26/Jan/2017:13:32:32, 294, 2230, 2 
26/Jan/2017:13:32:32, 181, 2215, 2 
26/Jan/2017:13:32:32, 622, 2215, 2 
26/Jan/2017:13:32:32, 459, 2220, 2 
26/Jan/2017:13:32:32, 600, 1120, 1 
26/Jan/2017:13:32:32, 887, 2245, 2 
26/Jan/2017:13:32:32, 193, 1120, 1 
26/Jan/2017:13:32:32, 703, 1150, 1 
26/Jan/2017:13:32:32, 567, 2220, 2 
26/Jan/2017:13:32:32, 148, 2215, 2 
26/Jan/2017:13:32:32, 668, 1150, 1 
26/Jan/2017:13:32:32, 265, 1150, 1 
26/Jan/2017:13:32:32, 287, 1120, 1 
26/Jan/2017:13:32:32, 414, 225, 2 
26/Jan/2017:13:32:32, 141, 1130, 1 
26/Jan/2017:13:32:32, 946, 225, 2 
26/Jan/2017:13:32:32, 740, 1130, 1 
26/Jan/2017:13:32:32, 374, 1130, 1 
26/Jan/2017:13:32:32, 663, 2230, 2 
26/Jan/2017:13:32:32, 407, 1150, 1 
26/Jan/2017:13:32:32, 519, 1140, 1 
26/Jan/2017:13:32:32, 578, 1130, 1 
26/Jan/2017:13:32:32, 690, 1120, 1 
26/Jan/2017:13:32:32, 622, 1110, 1 
26/Jan/2017:13:32:32, 209, 1140, 1 
26/Jan/2017:13:32:32, 921, 1110, 1 
26/Jan/2017:13:32:32, 357, 1110, 1 
26/Jan/2017:13:32:32, 261, 1120, 1 
26/Jan/2017:13:32:32, 963, 1130, 1 
26/Jan/2017:13:32:32, 35, 2250, 2 
26/Jan/2017:13:32:32, 114, 1150, 1 
26/Jan/2017:13:32:32, 575, 2240, 2 
26/Jan/2017:13:32:32, 18, 2210, 2 
26/Jan/2017:13:32:32, 240, 2220, 2 
26/Jan/2017:13:32:32, 160, 1150, 1 
26/Jan/2017:13:32:32, 153, 2210, 2 
26/Jan/2017:13:32:32, 145, 1150, 1 
26/Jan/2017:13:32:32, 524, 1150, 1 
26/Jan/2017:13:32:32, 413, 2210, 2 
26/Jan/2017:13:32:32, 823, 1120, 1 
26/Jan/2017:13:32:32, 118, 2210, 2 
