26/Jan/2017:13:59:45, 356, 1150, 1 
26/Jan/2017:13:59:45, 516, 2250, 2 
26/Jan/2017:13:59:45, 356, 1150, 1 
26/Jan/2017:13:59:45, 516, 2235, 2 
26/Jan/2017:13:59:45, 356, 1130, 1 
26/Jan/2017:13:59:45, 516, 2250, 2 
26/Jan/2017:13:59:45, 356, 1140, 1 
26/Jan/2017:13:59:45, 516, 2230, 2 
26/Jan/2017:13:59:45, 356, 1120, 1 
26/Jan/2017:13:59:45, 516, 2250, 2 
26/Jan/2017:13:59:45, 356, 1110, 1 
26/Jan/2017:13:59:45, 516, 2220, 2 
26/Jan/2017:13:59:45, 356, 1150, 1 
26/Jan/2017:13:59:45, 516, 2245, 2 
26/Jan/2017:13:59:45, 356, 1120, 1 
26/Jan/2017:13:59:45, 516, 2225, 2 
26/Jan/2017:13:59:45, 356, 1120, 1 
26/Jan/2017:13:59:45, 516, 2240, 2 
26/Jan/2017:13:59:45, 356, 1140, 1 
26/Jan/2017:13:59:45, 516, 2215, 2 
26/Jan/2017:13:59:45, 356, 1150, 1 
26/Jan/2017:13:59:45, 516, 2210, 2 
26/Jan/2017:13:59:45, 356, 1130, 1 
26/Jan/2017:13:59:45, 516, 225, 2 
26/Jan/2017:13:59:45, 356, 1150, 1 
26/Jan/2017:13:59:45, 516, 2245, 2 
26/Jan/2017:13:59:45, 356, 1110, 1 
26/Jan/2017:13:59:45, 516, 2240, 2 
26/Jan/2017:13:59:45, 356, 1110, 1 
26/Jan/2017:13:59:45, 516, 2225, 2 
26/Jan/2017:13:59:45, 356, 1140, 1 
26/Jan/2017:13:59:45, 516, 2235, 2 
26/Jan/2017:13:59:45, 356, 1130, 1 
26/Jan/2017:13:59:45, 516, 225, 2 
26/Jan/2017:13:59:45, 356, 1150, 1 
26/Jan/2017:13:59:45, 516, 225, 2 
26/Jan/2017:13:59:45, 356, 1140, 1 
26/Jan/2017:13:59:45, 516, 2250, 2 
26/Jan/2017:13:59:45, 356, 1150, 1 
26/Jan/2017:13:59:45, 516, 2210, 2 
26/Jan/2017:13:59:45, 478, 1110, 1 
26/Jan/2017:13:59:45, 209, 2240, 2 
26/Jan/2017:13:59:45, 478, 1120, 1 
26/Jan/2017:13:59:45, 209, 2230, 2 
26/Jan/2017:13:59:45, 478, 1130, 1 
26/Jan/2017:13:59:45, 209, 2225, 2 
26/Jan/2017:13:59:45, 478, 1140, 1 
26/Jan/2017:13:59:45, 209, 2210, 2 
26/Jan/2017:13:59:45, 478, 1110, 1 
26/Jan/2017:13:59:45, 209, 2235, 2 
26/Jan/2017:13:59:45, 478, 1140, 1 
26/Jan/2017:13:59:45, 209, 2230, 2 
26/Jan/2017:13:59:45, 478, 1130, 1 
26/Jan/2017:13:59:45, 209, 2245, 2 
26/Jan/2017:13:59:45, 478, 1110, 1 
26/Jan/2017:13:59:45, 209, 2230, 2 
26/Jan/2017:13:59:45, 478, 1150, 1 
26/Jan/2017:13:59:45, 209, 2215, 2 
26/Jan/2017:13:59:45, 478, 1120, 1 
26/Jan/2017:13:59:45, 209, 2215, 2 
26/Jan/2017:13:59:45, 478, 1150, 1 
26/Jan/2017:13:59:45, 209, 2220, 2 
26/Jan/2017:13:59:45, 478, 1140, 1 
26/Jan/2017:13:59:45, 209, 2215, 2 
26/Jan/2017:13:59:45, 478, 1120, 1 
26/Jan/2017:13:59:45, 209, 2220, 2 
26/Jan/2017:13:59:45, 478, 1150, 1 
26/Jan/2017:13:59:45, 209, 2245, 2 
26/Jan/2017:13:59:45, 478, 1120, 1 
26/Jan/2017:13:59:45, 209, 2250, 2 
26/Jan/2017:13:59:45, 478, 1140, 1 
26/Jan/2017:13:59:45, 209, 2215, 2 
26/Jan/2017:13:59:45, 478, 1120, 1 
26/Jan/2017:13:59:45, 209, 2210, 2 
26/Jan/2017:13:59:45, 478, 1120, 1 
26/Jan/2017:13:59:45, 209, 2210, 2 
26/Jan/2017:13:59:45, 478, 1120, 1 
26/Jan/2017:13:59:45, 209, 2215, 2 
26/Jan/2017:13:59:45, 478, 1130, 1 
26/Jan/2017:13:59:45, 209, 2250, 2 
26/Jan/2017:13:59:45, 905, 1120, 1 
26/Jan/2017:13:59:45, 347, 2225, 2 
26/Jan/2017:13:59:45, 905, 1140, 1 
26/Jan/2017:13:59:45, 347, 2240, 2 
26/Jan/2017:13:59:45, 905, 1130, 1 
26/Jan/2017:13:59:45, 347, 2210, 2 
26/Jan/2017:13:59:45, 905, 1140, 1 
26/Jan/2017:13:59:45, 347, 2210, 2 
26/Jan/2017:13:59:45, 563, 1120, 1 
26/Jan/2017:13:59:45, 451, 2215, 2 
26/Jan/2017:13:59:45, 563, 1150, 1 
26/Jan/2017:13:59:45, 451, 2245, 2 
26/Jan/2017:13:59:45, 563, 1150, 1 
26/Jan/2017:13:59:45, 451, 2225, 2 
26/Jan/2017:13:59:45, 563, 1110, 1 
26/Jan/2017:13:59:45, 451, 2225, 2 
26/Jan/2017:13:59:45, 563, 1110, 1 
26/Jan/2017:13:59:45, 451, 2250, 2 
26/Jan/2017:13:59:45, 563, 1140, 1 
26/Jan/2017:13:59:45, 451, 2235, 2 
26/Jan/2017:13:59:45, 563, 1150, 1 
26/Jan/2017:13:59:45, 451, 2250, 2 
26/Jan/2017:13:59:45, 563, 1120, 1 
26/Jan/2017:13:59:45, 451, 225, 2 
26/Jan/2017:13:59:45, 563, 1140, 1 
26/Jan/2017:13:59:45, 451, 2230, 2 
26/Jan/2017:13:59:45, 563, 1150, 1 
26/Jan/2017:13:59:45, 451, 2240, 2 
26/Jan/2017:13:59:45, 563, 1120, 1 
26/Jan/2017:13:59:45, 451, 2245, 2 
26/Jan/2017:13:59:45, 563, 1120, 1 
26/Jan/2017:13:59:45, 451, 2210, 2 
26/Jan/2017:13:59:45, 563, 1120, 1 
26/Jan/2017:13:59:45, 451, 2250, 2 
26/Jan/2017:13:59:45, 563, 1120, 1 
26/Jan/2017:13:59:45, 451, 225, 2 
26/Jan/2017:13:59:45, 562, 1120, 1 
26/Jan/2017:13:59:45, 869, 2210, 2 
26/Jan/2017:13:59:45, 562, 1120, 1 
26/Jan/2017:13:59:45, 869, 2245, 2 
26/Jan/2017:13:59:45, 562, 1130, 1 
26/Jan/2017:13:59:45, 869, 2230, 2 
26/Jan/2017:13:59:45, 562, 1120, 1 
26/Jan/2017:13:59:45, 869, 2215, 2 
26/Jan/2017:13:59:45, 540, 1140, 1 
26/Jan/2017:13:59:45, 389, 2245, 2 
26/Jan/2017:13:59:45, 540, 1120, 1 
26/Jan/2017:13:59:45, 389, 2210, 2 
26/Jan/2017:13:59:45, 540, 1130, 1 
26/Jan/2017:13:59:45, 389, 2210, 2 
26/Jan/2017:13:59:45, 540, 1130, 1 
26/Jan/2017:13:59:45, 389, 2215, 2 
26/Jan/2017:13:59:45, 540, 1130, 1 
26/Jan/2017:13:59:45, 389, 2235, 2 
26/Jan/2017:13:59:45, 540, 1150, 1 
26/Jan/2017:13:59:45, 389, 2215, 2 
26/Jan/2017:13:59:45, 540, 1120, 1 
26/Jan/2017:13:59:45, 389, 2220, 2 
26/Jan/2017:13:59:45, 540, 1150, 1 
26/Jan/2017:13:59:45, 389, 2250, 2 
26/Jan/2017:13:59:45, 540, 1140, 1 
26/Jan/2017:13:59:45, 389, 2225, 2 
26/Jan/2017:13:59:45, 540, 1110, 1 
26/Jan/2017:13:59:45, 389, 225, 2 
26/Jan/2017:13:59:45, 540, 1120, 1 
26/Jan/2017:13:59:45, 389, 2245, 2 
26/Jan/2017:13:59:45, 540, 1110, 1 
26/Jan/2017:13:59:45, 389, 2240, 2 
26/Jan/2017:13:59:45, 540, 1120, 1 
26/Jan/2017:13:59:45, 389, 2225, 2 
26/Jan/2017:13:59:45, 540, 1150, 1 
26/Jan/2017:13:59:45, 389, 2220, 2 
26/Jan/2017:13:59:45, 983, 1130, 1 
26/Jan/2017:13:59:45, 616, 2210, 2 
26/Jan/2017:13:59:45, 983, 1140, 1 
26/Jan/2017:13:59:45, 616, 2220, 2 
26/Jan/2017:13:59:45, 983, 1140, 1 
26/Jan/2017:13:59:45, 616, 2245, 2 
26/Jan/2017:13:59:45, 983, 1110, 1 
26/Jan/2017:13:59:45, 616, 2240, 2 
26/Jan/2017:13:59:45, 983, 1150, 1 
26/Jan/2017:13:59:45, 616, 2210, 2 
26/Jan/2017:13:59:45, 983, 1110, 1 
26/Jan/2017:13:59:45, 616, 2220, 2 
26/Jan/2017:13:59:45, 294, 1140, 1 
26/Jan/2017:13:59:45, 852, 2215, 2 
26/Jan/2017:13:59:45, 294, 1120, 1 
26/Jan/2017:13:59:45, 852, 2215, 2 
26/Jan/2017:13:59:45, 294, 1140, 1 
26/Jan/2017:13:59:45, 852, 2235, 2 
26/Jan/2017:13:59:45, 294, 1130, 1 
26/Jan/2017:13:59:45, 852, 2225, 2 
26/Jan/2017:13:59:45, 294, 1140, 1 
26/Jan/2017:13:59:45, 852, 2250, 2 
26/Jan/2017:13:59:45, 294, 1140, 1 
26/Jan/2017:13:59:45, 852, 2235, 2 
26/Jan/2017:13:59:45, 294, 1130, 1 
26/Jan/2017:13:59:45, 852, 2240, 2 
26/Jan/2017:13:59:45, 294, 1130, 1 
26/Jan/2017:13:59:45, 852, 2220, 2 
26/Jan/2017:13:59:45, 294, 1120, 1 
26/Jan/2017:13:59:45, 852, 2225, 2 
26/Jan/2017:13:59:45, 294, 1110, 1 
26/Jan/2017:13:59:45, 852, 2245, 2 
26/Jan/2017:13:59:45, 294, 1150, 1 
26/Jan/2017:13:59:45, 852, 2215, 2 
26/Jan/2017:13:59:45, 294, 1110, 1 
26/Jan/2017:13:59:45, 852, 225, 2 
26/Jan/2017:13:59:45, 294, 1130, 1 
26/Jan/2017:13:59:45, 852, 2225, 2 
26/Jan/2017:13:59:45, 167, 1130, 1 
26/Jan/2017:13:59:45, 803, 2210, 2 
26/Jan/2017:13:59:45, 167, 1140, 1 
26/Jan/2017:13:59:45, 803, 2235, 2 
26/Jan/2017:13:59:45, 167, 1110, 1 
26/Jan/2017:13:59:45, 803, 2245, 2 
26/Jan/2017:13:59:45, 167, 1120, 1 
26/Jan/2017:13:59:45, 803, 2250, 2 
26/Jan/2017:13:59:45, 834, 1110, 1 
26/Jan/2017:13:59:45, 899, 2240, 2 
26/Jan/2017:13:59:45, 834, 1150, 1 
26/Jan/2017:13:59:45, 899, 2230, 2 
26/Jan/2017:13:59:45, 834, 1130, 1 
26/Jan/2017:13:59:45, 899, 2235, 2 
26/Jan/2017:13:59:45, 834, 1120, 1 
26/Jan/2017:13:59:45, 899, 2210, 2 
26/Jan/2017:13:59:45, 834, 1110, 1 
26/Jan/2017:13:59:45, 899, 2230, 2 
26/Jan/2017:13:59:45, 834, 1150, 1 
26/Jan/2017:13:59:45, 899, 2245, 2 
26/Jan/2017:13:59:45, 834, 1140, 1 
26/Jan/2017:13:59:45, 899, 225, 2 
26/Jan/2017:13:59:45, 834, 1120, 1 
26/Jan/2017:13:59:45, 899, 225, 2 
26/Jan/2017:13:59:45, 834, 1140, 1 
26/Jan/2017:13:59:45, 899, 2215, 2 
26/Jan/2017:13:59:45, 834, 1110, 1 
26/Jan/2017:13:59:45, 899, 225, 2 
26/Jan/2017:13:59:45, 834, 1140, 1 
26/Jan/2017:13:59:45, 899, 2225, 2 
26/Jan/2017:13:59:45, 834, 1120, 1 
26/Jan/2017:13:59:45, 899, 2225, 2 
26/Jan/2017:13:59:45, 834, 1110, 1 
26/Jan/2017:13:59:45, 899, 2230, 2 
26/Jan/2017:13:59:45, 834, 1120, 1 
26/Jan/2017:13:59:45, 899, 2225, 2 
26/Jan/2017:13:59:45, 834, 1110, 1 
26/Jan/2017:13:59:45, 899, 225, 2 
26/Jan/2017:13:59:45, 320, 1110, 1 
26/Jan/2017:13:59:45, 941, 2245, 2 
26/Jan/2017:13:59:45, 320, 1130, 1 
26/Jan/2017:13:59:45, 941, 2240, 2 
26/Jan/2017:13:59:45, 320, 1120, 1 
26/Jan/2017:13:59:45, 941, 2225, 2 
26/Jan/2017:13:59:45, 320, 1150, 1 
26/Jan/2017:13:59:45, 941, 2235, 2 
26/Jan/2017:13:59:45, 320, 1150, 1 
26/Jan/2017:13:59:45, 941, 2240, 2 
26/Jan/2017:13:59:45, 320, 1140, 1 
26/Jan/2017:13:59:45, 941, 2210, 2 
26/Jan/2017:13:59:45, 320, 1120, 1 
26/Jan/2017:13:59:45, 941, 2235, 2 
26/Jan/2017:13:59:45, 320, 1120, 1 
26/Jan/2017:13:59:45, 941, 2240, 2 
26/Jan/2017:13:59:45, 320, 1140, 1 
26/Jan/2017:13:59:45, 941, 2250, 2 
26/Jan/2017:13:59:45, 821, 1110, 1 
26/Jan/2017:13:59:45, 846, 2245, 2 
26/Jan/2017:13:59:45, 442, 1140, 1 
26/Jan/2017:13:59:45, 956, 2210, 2 
26/Jan/2017:13:59:45, 442, 1130, 1 
26/Jan/2017:13:59:45, 956, 2220, 2 
26/Jan/2017:13:59:45, 442, 1140, 1 
26/Jan/2017:13:59:45, 956, 2215, 2 
26/Jan/2017:13:59:45, 442, 1140, 1 
26/Jan/2017:13:59:45, 956, 2210, 2 
26/Jan/2017:13:59:45, 442, 1140, 1 
26/Jan/2017:13:59:45, 956, 225, 2 
26/Jan/2017:13:59:45, 298, 1120, 1 
26/Jan/2017:13:59:45, 797, 2230, 2 
26/Jan/2017:13:59:45, 298, 1140, 1 
26/Jan/2017:13:59:45, 797, 2220, 2 
26/Jan/2017:13:59:45, 298, 1120, 1 
26/Jan/2017:13:59:45, 797, 2220, 2 
26/Jan/2017:13:59:45, 298, 1150, 1 
26/Jan/2017:13:59:45, 797, 2210, 2 
26/Jan/2017:13:59:45, 298, 1150, 1 
26/Jan/2017:13:59:45, 797, 2240, 2 
26/Jan/2017:13:59:45, 298, 1150, 1 
26/Jan/2017:13:59:45, 797, 2230, 2 
26/Jan/2017:13:59:45, 298, 1130, 1 
26/Jan/2017:13:59:45, 797, 225, 2 
26/Jan/2017:13:59:45, 298, 1150, 1 
26/Jan/2017:13:59:45, 797, 2250, 2 
26/Jan/2017:13:59:45, 298, 1120, 1 
26/Jan/2017:13:59:45, 797, 2230, 2 
26/Jan/2017:13:59:45, 298, 1110, 1 
26/Jan/2017:13:59:45, 797, 2215, 2 
26/Jan/2017:13:59:45, 298, 1140, 1 
26/Jan/2017:13:59:45, 797, 2220, 2 
26/Jan/2017:13:59:45, 298, 1140, 1 
26/Jan/2017:13:59:45, 797, 2215, 2 
26/Jan/2017:13:59:45, 298, 1110, 1 
26/Jan/2017:13:59:45, 797, 2235, 2 
26/Jan/2017:13:59:45, 298, 1120, 1 
26/Jan/2017:13:59:45, 797, 225, 2 
26/Jan/2017:13:59:45, 298, 1110, 1 
26/Jan/2017:13:59:45, 797, 2215, 2 
26/Jan/2017:13:59:45, 298, 1150, 1 
26/Jan/2017:13:59:45, 797, 2210, 2 
26/Jan/2017:13:59:45, 298, 1150, 1 
26/Jan/2017:13:59:45, 797, 2230, 2 
26/Jan/2017:13:59:45, 298, 1130, 1 
26/Jan/2017:13:59:45, 797, 2225, 2 
26/Jan/2017:13:59:45, 298, 1140, 1 
26/Jan/2017:13:59:45, 797, 2220, 2 
26/Jan/2017:13:59:45, 298, 1150, 1 
26/Jan/2017:13:59:45, 797, 2250, 2 
26/Jan/2017:13:59:45, 860, 1130, 1 
26/Jan/2017:13:59:45, 772, 2250, 2 
26/Jan/2017:13:59:45, 860, 1120, 1 
26/Jan/2017:13:59:45, 772, 2215, 2 
26/Jan/2017:13:59:45, 860, 1140, 1 
26/Jan/2017:13:59:45, 772, 2240, 2 
26/Jan/2017:13:59:45, 358, 1120, 1 
26/Jan/2017:13:59:45, 542, 2215, 2 
26/Jan/2017:13:59:45, 358, 1130, 1 
26/Jan/2017:13:59:45, 542, 225, 2 
26/Jan/2017:13:59:45, 358, 1150, 1 
26/Jan/2017:13:59:45, 542, 2230, 2 
26/Jan/2017:13:59:45, 358, 1140, 1 
26/Jan/2017:13:59:45, 542, 2240, 2 
26/Jan/2017:13:59:45, 358, 1130, 1 
26/Jan/2017:13:59:45, 542, 2240, 2 
26/Jan/2017:13:59:45, 358, 1110, 1 
26/Jan/2017:13:59:45, 542, 2225, 2 
26/Jan/2017:13:59:45, 358, 1120, 1 
26/Jan/2017:13:59:45, 542, 2245, 2 
26/Jan/2017:13:59:45, 358, 1130, 1 
26/Jan/2017:13:59:45, 542, 2210, 2 
26/Jan/2017:13:59:45, 358, 1130, 1 
26/Jan/2017:13:59:45, 542, 2210, 2 
26/Jan/2017:13:59:45, 358, 1150, 1 
26/Jan/2017:13:59:45, 542, 2210, 2 
26/Jan/2017:13:59:45, 358, 1120, 1 
26/Jan/2017:13:59:45, 542, 2250, 2 
26/Jan/2017:13:59:45, 358, 1150, 1 
26/Jan/2017:13:59:45, 542, 2215, 2 
26/Jan/2017:13:59:45, 358, 1130, 1 
26/Jan/2017:13:59:45, 542, 2220, 2 
26/Jan/2017:13:59:45, 358, 1130, 1 
26/Jan/2017:13:59:45, 542, 2235, 2 
26/Jan/2017:13:59:45, 358, 1140, 1 
26/Jan/2017:13:59:45, 542, 2230, 2 
26/Jan/2017:13:59:45, 358, 1140, 1 
26/Jan/2017:13:59:45, 542, 2240, 2 
26/Jan/2017:13:59:45, 358, 1110, 1 
26/Jan/2017:13:59:45, 542, 2250, 2 
26/Jan/2017:13:59:45, 358, 1120, 1 
26/Jan/2017:13:59:45, 542, 2230, 2 
26/Jan/2017:13:59:45, 325, 1110, 1 
26/Jan/2017:13:59:45, 627, 2230, 2 
26/Jan/2017:13:59:45, 325, 1140, 1 
26/Jan/2017:13:59:45, 627, 2210, 2 
26/Jan/2017:13:59:45, 325, 1120, 1 
26/Jan/2017:13:59:45, 627, 2245, 2 
26/Jan/2017:13:59:45, 325, 1120, 1 
26/Jan/2017:13:59:45, 627, 225, 2 
26/Jan/2017:13:59:45, 325, 1130, 1 
26/Jan/2017:13:59:45, 627, 225, 2 
26/Jan/2017:13:59:45, 325, 1130, 1 
26/Jan/2017:13:59:45, 627, 2250, 2 
26/Jan/2017:13:59:45, 325, 1120, 1 
26/Jan/2017:13:59:45, 627, 2225, 2 
26/Jan/2017:13:59:45, 325, 1150, 1 
26/Jan/2017:13:59:45, 627, 2215, 2 
26/Jan/2017:13:59:45, 325, 1120, 1 
26/Jan/2017:13:59:45, 627, 2230, 2 
26/Jan/2017:13:59:45, 776, 1140, 1 
26/Jan/2017:13:59:45, 590, 2210, 2 
26/Jan/2017:13:59:45, 776, 1110, 1 
26/Jan/2017:13:59:45, 590, 2240, 2 
26/Jan/2017:13:59:45, 776, 1110, 1 
26/Jan/2017:13:59:45, 590, 2230, 2 
26/Jan/2017:13:59:45, 776, 1120, 1 
26/Jan/2017:13:59:45, 590, 2220, 2 
26/Jan/2017:13:59:45, 776, 1150, 1 
26/Jan/2017:13:59:45, 590, 2240, 2 
26/Jan/2017:13:59:45, 776, 1140, 1 
26/Jan/2017:13:59:45, 590, 2215, 2 
26/Jan/2017:13:59:45, 776, 1140, 1 
26/Jan/2017:13:59:45, 590, 2220, 2 
26/Jan/2017:13:59:45, 776, 1130, 1 
26/Jan/2017:13:59:45, 590, 2215, 2 
26/Jan/2017:13:59:45, 776, 1120, 1 
26/Jan/2017:13:59:45, 590, 2215, 2 
26/Jan/2017:13:59:45, 776, 1140, 1 
26/Jan/2017:13:59:45, 590, 2240, 2 
26/Jan/2017:13:59:45, 268, 1110, 1 
26/Jan/2017:13:59:45, 502, 2215, 2 
26/Jan/2017:13:59:45, 268, 1130, 1 
26/Jan/2017:13:59:45, 502, 225, 2 
26/Jan/2017:13:59:45, 268, 1140, 1 
26/Jan/2017:13:59:45, 502, 225, 2 
26/Jan/2017:13:59:45, 268, 1140, 1 
26/Jan/2017:13:59:45, 502, 2240, 2 
26/Jan/2017:13:59:45, 268, 1130, 1 
26/Jan/2017:13:59:45, 502, 2225, 2 
26/Jan/2017:13:59:45, 268, 1120, 1 
26/Jan/2017:13:59:45, 502, 2225, 2 
26/Jan/2017:13:59:45, 268, 1140, 1 
26/Jan/2017:13:59:45, 502, 2220, 2 
26/Jan/2017:13:59:45, 268, 1130, 1 
26/Jan/2017:13:59:45, 502, 2235, 2 
26/Jan/2017:13:59:45, 268, 1120, 1 
26/Jan/2017:13:59:45, 502, 2220, 2 
26/Jan/2017:13:59:45, 268, 1120, 1 
26/Jan/2017:13:59:45, 502, 2225, 2 
26/Jan/2017:13:59:45, 268, 1120, 1 
26/Jan/2017:13:59:45, 502, 2250, 2 
26/Jan/2017:13:59:45, 600, 1150, 1 
26/Jan/2017:13:59:45, 835, 225, 2 
26/Jan/2017:13:59:45, 600, 1140, 1 
26/Jan/2017:13:59:45, 835, 2215, 2 
26/Jan/2017:13:59:45, 600, 1130, 1 
26/Jan/2017:13:59:45, 835, 2245, 2 
26/Jan/2017:13:59:45, 600, 1130, 1 
26/Jan/2017:13:59:45, 835, 225, 2 
26/Jan/2017:13:59:45, 600, 1150, 1 
26/Jan/2017:13:59:45, 835, 2245, 2 
26/Jan/2017:13:59:45, 600, 1150, 1 
26/Jan/2017:13:59:45, 835, 2250, 2 
26/Jan/2017:13:59:45, 600, 1150, 1 
26/Jan/2017:13:59:45, 835, 2210, 2 
26/Jan/2017:13:59:45, 600, 1110, 1 
26/Jan/2017:13:59:45, 835, 2235, 2 
26/Jan/2017:13:59:45, 600, 1120, 1 
26/Jan/2017:13:59:45, 835, 2215, 2 
26/Jan/2017:13:59:45, 600, 1110, 1 
26/Jan/2017:13:59:45, 835, 2225, 2 
26/Jan/2017:13:59:45, 600, 1150, 1 
26/Jan/2017:13:59:45, 835, 2220, 2 
26/Jan/2017:13:59:45, 600, 1120, 1 
26/Jan/2017:13:59:45, 835, 2210, 2 
26/Jan/2017:13:59:45, 600, 1110, 1 
26/Jan/2017:13:59:45, 835, 2240, 2 
26/Jan/2017:13:59:45, 600, 1140, 1 
26/Jan/2017:13:59:45, 835, 2215, 2 
26/Jan/2017:13:59:45, 600, 1150, 1 
26/Jan/2017:13:59:45, 835, 2245, 2 
26/Jan/2017:13:59:45, 82, 1130, 1 
26/Jan/2017:13:59:45, 928, 2230, 2 
26/Jan/2017:13:59:45, 82, 1140, 1 
26/Jan/2017:13:59:45, 928, 225, 2 
26/Jan/2017:13:59:45, 82, 1110, 1 
26/Jan/2017:13:59:45, 928, 2245, 2 
26/Jan/2017:13:59:45, 82, 1150, 1 
26/Jan/2017:13:59:45, 928, 2225, 2 
26/Jan/2017:13:59:45, 82, 1110, 1 
26/Jan/2017:13:59:45, 928, 2235, 2 
26/Jan/2017:13:59:45, 82, 1120, 1 
26/Jan/2017:13:59:45, 928, 2210, 2 
26/Jan/2017:13:59:45, 82, 1120, 1 
26/Jan/2017:13:59:45, 928, 2250, 2 
26/Jan/2017:13:59:45, 831, 1130, 1 
26/Jan/2017:13:59:45, 270, 2225, 2 
26/Jan/2017:13:59:45, 831, 1110, 1 
26/Jan/2017:13:59:45, 270, 2225, 2 
26/Jan/2017:13:59:45, 831, 1150, 1 
26/Jan/2017:13:59:45, 270, 225, 2 
26/Jan/2017:13:59:45, 831, 1150, 1 
26/Jan/2017:13:59:45, 270, 2210, 2 
26/Jan/2017:13:59:45, 831, 1130, 1 
26/Jan/2017:13:59:45, 270, 2215, 2 
26/Jan/2017:13:59:45, 831, 1110, 1 
26/Jan/2017:13:59:45, 270, 2250, 2 
26/Jan/2017:13:59:45, 17, 1130, 1 
26/Jan/2017:13:59:45, 486, 2210, 2 
26/Jan/2017:13:59:45, 17, 1140, 1 
26/Jan/2017:13:59:45, 486, 2210, 2 
26/Jan/2017:13:59:45, 17, 1140, 1 
26/Jan/2017:13:59:45, 486, 2230, 2 
26/Jan/2017:13:59:45, 17, 1130, 1 
26/Jan/2017:13:59:45, 486, 2250, 2 
26/Jan/2017:13:59:45, 17, 1110, 1 
26/Jan/2017:13:59:45, 486, 2240, 2 
26/Jan/2017:13:59:45, 17, 1150, 1 
26/Jan/2017:13:59:45, 486, 2230, 2 
26/Jan/2017:13:59:45, 17, 1130, 1 
26/Jan/2017:13:59:45, 486, 2225, 2 
26/Jan/2017:13:59:45, 17, 1140, 1 
26/Jan/2017:13:59:45, 486, 2235, 2 
26/Jan/2017:13:59:45, 17, 1120, 1 
26/Jan/2017:13:59:45, 486, 2250, 2 
26/Jan/2017:13:59:45, 17, 1140, 1 
26/Jan/2017:13:59:45, 486, 2215, 2 
26/Jan/2017:13:59:45, 17, 1140, 1 
26/Jan/2017:13:59:45, 486, 2215, 2 
26/Jan/2017:13:59:45, 17, 1130, 1 
26/Jan/2017:13:59:45, 486, 2235, 2 
26/Jan/2017:13:59:45, 46, 1150, 1 
26/Jan/2017:13:59:45, 784, 2250, 2 
26/Jan/2017:13:59:45, 46, 1150, 1 
26/Jan/2017:13:59:45, 784, 2215, 2 
26/Jan/2017:13:59:45, 46, 1140, 1 
26/Jan/2017:13:59:45, 784, 2215, 2 
26/Jan/2017:13:59:45, 46, 1130, 1 
26/Jan/2017:13:59:45, 784, 2210, 2 
26/Jan/2017:13:59:45, 46, 1140, 1 
26/Jan/2017:13:59:45, 784, 2220, 2 
26/Jan/2017:13:59:45, 46, 1120, 1 
26/Jan/2017:13:59:45, 784, 2215, 2 
26/Jan/2017:13:59:45, 46, 1140, 1 
26/Jan/2017:13:59:45, 784, 2230, 2 
26/Jan/2017:13:59:45, 142, 1150, 1 
26/Jan/2017:13:59:45, 85, 2220, 2 
26/Jan/2017:13:59:45, 463, 1120, 1 
26/Jan/2017:13:59:45, 824, 2245, 2 
26/Jan/2017:13:59:45, 463, 1150, 1 
26/Jan/2017:13:59:45, 824, 2235, 2 
26/Jan/2017:13:59:45, 463, 1120, 1 
26/Jan/2017:13:59:45, 824, 2250, 2 
26/Jan/2017:13:59:45, 463, 1130, 1 
26/Jan/2017:13:59:45, 824, 2245, 2 
26/Jan/2017:13:59:45, 463, 1130, 1 
26/Jan/2017:13:59:45, 824, 2235, 2 
26/Jan/2017:13:59:45, 463, 1120, 1 
26/Jan/2017:13:59:45, 824, 2225, 2 
26/Jan/2017:13:59:45, 463, 1110, 1 
26/Jan/2017:13:59:45, 824, 2235, 2 
26/Jan/2017:13:59:45, 463, 1140, 1 
26/Jan/2017:13:59:45, 824, 225, 2 
26/Jan/2017:13:59:45, 463, 1140, 1 
26/Jan/2017:13:59:45, 824, 2210, 2 
26/Jan/2017:13:59:45, 463, 1150, 1 
26/Jan/2017:13:59:45, 824, 2225, 2 
26/Jan/2017:13:59:45, 463, 1140, 1 
26/Jan/2017:13:59:45, 824, 2225, 2 
26/Jan/2017:13:59:45, 463, 1140, 1 
26/Jan/2017:13:59:45, 824, 2220, 2 
26/Jan/2017:13:59:45, 463, 1140, 1 
26/Jan/2017:13:59:45, 824, 2250, 2 
26/Jan/2017:13:59:45, 463, 1110, 1 
26/Jan/2017:13:59:45, 824, 2235, 2 
26/Jan/2017:13:59:45, 463, 1110, 1 
26/Jan/2017:13:59:45, 824, 2235, 2 
26/Jan/2017:13:59:45, 463, 1120, 1 
26/Jan/2017:13:59:45, 824, 2225, 2 
26/Jan/2017:13:59:45, 463, 1150, 1 
26/Jan/2017:13:59:45, 824, 2250, 2 
26/Jan/2017:13:59:45, 463, 1130, 1 
26/Jan/2017:13:59:45, 824, 2220, 2 
26/Jan/2017:13:59:45, 463, 1140, 1 
26/Jan/2017:13:59:45, 824, 2210, 2 
26/Jan/2017:13:59:45, 463, 1110, 1 
26/Jan/2017:13:59:45, 824, 2230, 2 
26/Jan/2017:13:59:45, 298, 1110, 1 
26/Jan/2017:13:59:45, 797, 2230, 2 
26/Jan/2017:13:59:45, 298, 1150, 1 
26/Jan/2017:13:59:45, 797, 2235, 2 
26/Jan/2017:13:59:45, 298, 1140, 1 
26/Jan/2017:13:59:45, 797, 2225, 2 
26/Jan/2017:13:59:45, 298, 1130, 1 
26/Jan/2017:13:59:45, 797, 2215, 2 
26/Jan/2017:13:59:45, 298, 1140, 1 
26/Jan/2017:13:59:45, 797, 2250, 2 
26/Jan/2017:13:59:45, 298, 1130, 1 
26/Jan/2017:13:59:45, 797, 2230, 2 
26/Jan/2017:13:59:45, 298, 1140, 1 
26/Jan/2017:13:59:45, 797, 2210, 2 
26/Jan/2017:13:59:45, 298, 1120, 1 
26/Jan/2017:13:59:45, 797, 2225, 2 
26/Jan/2017:13:59:45, 298, 1150, 1 
26/Jan/2017:13:59:45, 797, 2240, 2 
26/Jan/2017:13:59:45, 298, 1120, 1 
26/Jan/2017:13:59:45, 797, 2220, 2 
26/Jan/2017:13:59:45, 298, 1110, 1 
26/Jan/2017:13:59:45, 797, 2240, 2 
26/Jan/2017:13:59:45, 298, 1140, 1 
26/Jan/2017:13:59:45, 797, 2240, 2 
26/Jan/2017:13:59:45, 298, 1150, 1 
26/Jan/2017:13:59:45, 797, 2245, 2 
26/Jan/2017:13:59:45, 298, 1140, 1 
26/Jan/2017:13:59:45, 797, 2220, 2 
26/Jan/2017:13:59:45, 298, 1110, 1 
26/Jan/2017:13:59:45, 797, 2220, 2 
26/Jan/2017:13:59:45, 298, 1130, 1 
26/Jan/2017:13:59:45, 797, 2225, 2 
26/Jan/2017:13:59:45, 298, 1150, 1 
26/Jan/2017:13:59:45, 797, 2210, 2 
26/Jan/2017:13:59:45, 298, 1120, 1 
26/Jan/2017:13:59:45, 797, 2220, 2 
26/Jan/2017:13:59:45, 899, 1110, 1 
26/Jan/2017:13:59:45, 131, 2215, 2 
26/Jan/2017:13:59:45, 899, 1140, 1 
26/Jan/2017:13:59:45, 131, 225, 2 
26/Jan/2017:13:59:45, 899, 1140, 1 
26/Jan/2017:13:59:45, 131, 2210, 2 
26/Jan/2017:13:59:45, 899, 1150, 1 
26/Jan/2017:13:59:45, 131, 2230, 2 
26/Jan/2017:13:59:45, 537, 1140, 1 
26/Jan/2017:13:59:45, 148, 2230, 2 
26/Jan/2017:13:59:45, 537, 1140, 1 
26/Jan/2017:13:59:45, 148, 2225, 2 
26/Jan/2017:13:59:45, 537, 1130, 1 
26/Jan/2017:13:59:45, 148, 2210, 2 
26/Jan/2017:13:59:45, 119, 1130, 1 
26/Jan/2017:13:59:45, 964, 2250, 2 
26/Jan/2017:13:59:45, 119, 1130, 1 
26/Jan/2017:13:59:45, 964, 2250, 2 
26/Jan/2017:13:59:45, 119, 1110, 1 
26/Jan/2017:13:59:45, 964, 2230, 2 
26/Jan/2017:13:59:45, 119, 1120, 1 
26/Jan/2017:13:59:45, 964, 2215, 2 
26/Jan/2017:13:59:45, 119, 1130, 1 
26/Jan/2017:13:59:45, 964, 2245, 2 
26/Jan/2017:13:59:45, 119, 1120, 1 
26/Jan/2017:13:59:45, 964, 2240, 2 
26/Jan/2017:13:59:45, 119, 1110, 1 
26/Jan/2017:13:59:45, 964, 2250, 2 
26/Jan/2017:13:59:45, 119, 1120, 1 
26/Jan/2017:13:59:45, 964, 2220, 2 
26/Jan/2017:13:59:45, 119, 1150, 1 
26/Jan/2017:13:59:45, 964, 2220, 2 
26/Jan/2017:13:59:45, 119, 1150, 1 
26/Jan/2017:13:59:45, 964, 2210, 2 
26/Jan/2017:13:59:45, 119, 1130, 1 
26/Jan/2017:13:59:45, 964, 2245, 2 
26/Jan/2017:13:59:45, 125, 1130, 1 
26/Jan/2017:13:59:45, 625, 2215, 2 
26/Jan/2017:13:59:45, 125, 1110, 1 
26/Jan/2017:13:59:45, 625, 2240, 2 
26/Jan/2017:13:59:45, 125, 1110, 1 
26/Jan/2017:13:59:45, 625, 2250, 2 
26/Jan/2017:13:59:45, 125, 1150, 1 
26/Jan/2017:13:59:45, 625, 2245, 2 
26/Jan/2017:13:59:45, 125, 1120, 1 
26/Jan/2017:13:59:45, 625, 225, 2 
26/Jan/2017:13:59:45, 522, 1130, 1 
26/Jan/2017:13:59:45, 300, 2245, 2 
26/Jan/2017:13:59:45, 403, 1150, 1 
26/Jan/2017:13:59:45, 714, 2225, 2 
26/Jan/2017:13:59:45, 403, 1150, 1 
26/Jan/2017:13:59:45, 714, 225, 2 
26/Jan/2017:13:59:45, 403, 1150, 1 
26/Jan/2017:13:59:45, 714, 225, 2 
26/Jan/2017:13:59:45, 403, 1120, 1 
26/Jan/2017:13:59:45, 714, 2225, 2 
26/Jan/2017:13:59:45, 403, 1120, 1 
26/Jan/2017:13:59:45, 714, 2220, 2 
26/Jan/2017:13:59:45, 403, 1110, 1 
26/Jan/2017:13:59:45, 714, 2210, 2 
26/Jan/2017:13:59:45, 403, 1110, 1 
26/Jan/2017:13:59:45, 714, 2235, 2 
26/Jan/2017:13:59:45, 403, 1130, 1 
26/Jan/2017:13:59:45, 714, 2235, 2 
26/Jan/2017:13:59:45, 403, 1130, 1 
26/Jan/2017:13:59:45, 714, 225, 2 
26/Jan/2017:13:59:45, 403, 1110, 1 
26/Jan/2017:13:59:45, 714, 225, 2 
26/Jan/2017:13:59:45, 403, 1140, 1 
26/Jan/2017:13:59:45, 714, 2235, 2 
26/Jan/2017:13:59:45, 403, 1130, 1 
26/Jan/2017:13:59:45, 714, 2230, 2 
26/Jan/2017:13:59:45, 403, 1130, 1 
26/Jan/2017:13:59:45, 714, 2210, 2 
26/Jan/2017:13:59:45, 403, 1130, 1 
26/Jan/2017:13:59:45, 714, 2235, 2 
26/Jan/2017:13:59:45, 403, 1150, 1 
26/Jan/2017:13:59:45, 714, 2250, 2 
26/Jan/2017:13:59:45, 403, 1120, 1 
26/Jan/2017:13:59:45, 714, 2250, 2 
26/Jan/2017:13:59:45, 983, 1110, 1 
26/Jan/2017:13:59:45, 616, 2245, 2 
26/Jan/2017:13:59:45, 983, 1130, 1 
26/Jan/2017:13:59:45, 616, 2250, 2 
26/Jan/2017:13:59:45, 983, 1120, 1 
26/Jan/2017:13:59:45, 616, 2250, 2 
26/Jan/2017:13:59:45, 983, 1140, 1 
26/Jan/2017:13:59:45, 616, 2210, 2 
26/Jan/2017:13:59:45, 983, 1140, 1 
26/Jan/2017:13:59:45, 616, 2210, 2 
26/Jan/2017:13:59:45, 983, 1110, 1 
26/Jan/2017:13:59:45, 616, 2240, 2 
26/Jan/2017:13:59:45, 983, 1150, 1 
26/Jan/2017:13:59:45, 616, 2235, 2 
26/Jan/2017:13:59:45, 983, 1120, 1 
26/Jan/2017:13:59:45, 616, 2240, 2 
26/Jan/2017:13:59:45, 983, 1120, 1 
26/Jan/2017:13:59:45, 616, 2230, 2 
26/Jan/2017:13:59:45, 983, 1130, 1 
26/Jan/2017:13:59:45, 616, 2250, 2 
26/Jan/2017:13:59:45, 983, 1120, 1 
26/Jan/2017:13:59:45, 616, 2220, 2 
26/Jan/2017:13:59:45, 983, 1120, 1 
26/Jan/2017:13:59:45, 616, 2235, 2 
26/Jan/2017:13:59:45, 983, 1120, 1 
26/Jan/2017:13:59:45, 616, 2230, 2 
26/Jan/2017:13:59:45, 983, 1130, 1 
26/Jan/2017:13:59:45, 616, 2215, 2 
26/Jan/2017:13:59:45, 983, 1140, 1 
26/Jan/2017:13:59:45, 616, 2210, 2 
26/Jan/2017:13:59:45, 983, 1150, 1 
26/Jan/2017:13:59:45, 616, 2225, 2 
26/Jan/2017:13:59:45, 983, 1110, 1 
26/Jan/2017:13:59:45, 616, 2220, 2 
26/Jan/2017:13:59:45, 983, 1130, 1 
26/Jan/2017:13:59:45, 616, 2245, 2 
26/Jan/2017:13:59:45, 983, 1150, 1 
26/Jan/2017:13:59:45, 616, 2230, 2 
26/Jan/2017:13:59:45, 983, 1120, 1 
26/Jan/2017:13:59:45, 616, 2245, 2 
26/Jan/2017:13:59:45, 730, 1140, 1 
26/Jan/2017:13:59:45, 292, 225, 2 
26/Jan/2017:13:59:45, 730, 1140, 1 
26/Jan/2017:13:59:45, 292, 2245, 2 
26/Jan/2017:13:59:45, 730, 1140, 1 
26/Jan/2017:13:59:45, 292, 2220, 2 
26/Jan/2017:13:59:45, 730, 1120, 1 
26/Jan/2017:13:59:45, 292, 2235, 2 
26/Jan/2017:13:59:45, 3, 1150, 1 
26/Jan/2017:13:59:45, 787, 2250, 2 
26/Jan/2017:13:59:45, 3, 1120, 1 
26/Jan/2017:13:59:45, 787, 2245, 2 
26/Jan/2017:13:59:45, 3, 1150, 1 
26/Jan/2017:13:59:45, 787, 2210, 2 
26/Jan/2017:13:59:45, 3, 1120, 1 
26/Jan/2017:13:59:45, 787, 2220, 2 
26/Jan/2017:13:59:45, 3, 1120, 1 
26/Jan/2017:13:59:45, 787, 2230, 2 
26/Jan/2017:13:59:45, 3, 1110, 1 
26/Jan/2017:13:59:45, 787, 2210, 2 
26/Jan/2017:13:59:45, 3, 1140, 1 
26/Jan/2017:13:59:45, 787, 2245, 2 
26/Jan/2017:13:59:45, 3, 1140, 1 
26/Jan/2017:13:59:45, 787, 2235, 2 
26/Jan/2017:13:59:45, 3, 1110, 1 
26/Jan/2017:13:59:45, 787, 2230, 2 
26/Jan/2017:13:59:45, 3, 1110, 1 
26/Jan/2017:13:59:45, 787, 2230, 2 
26/Jan/2017:13:59:45, 3, 1140, 1 
26/Jan/2017:13:59:45, 787, 225, 2 
26/Jan/2017:13:59:45, 3, 1120, 1 
26/Jan/2017:13:59:45, 787, 2210, 2 
26/Jan/2017:13:59:45, 3, 1140, 1 
26/Jan/2017:13:59:45, 787, 2215, 2 
26/Jan/2017:13:59:45, 3, 1120, 1 
26/Jan/2017:13:59:45, 787, 2210, 2 
26/Jan/2017:13:59:45, 3, 1110, 1 
26/Jan/2017:13:59:45, 787, 2215, 2 
26/Jan/2017:13:59:45, 3, 1150, 1 
26/Jan/2017:13:59:45, 787, 2215, 2 
26/Jan/2017:13:59:45, 816, 1140, 1 
26/Jan/2017:13:59:45, 348, 2230, 2 
26/Jan/2017:13:59:45, 919, 1120, 1 
26/Jan/2017:13:59:45, 315, 225, 2 
26/Jan/2017:13:59:45, 919, 1140, 1 
26/Jan/2017:13:59:45, 315, 2210, 2 
26/Jan/2017:13:59:45, 919, 1110, 1 
26/Jan/2017:13:59:45, 315, 2210, 2 
26/Jan/2017:13:59:45, 919, 1150, 1 
26/Jan/2017:13:59:45, 315, 2250, 2 
26/Jan/2017:13:59:45, 919, 1120, 1 
26/Jan/2017:13:59:45, 315, 2220, 2 
26/Jan/2017:13:59:45, 919, 1130, 1 
26/Jan/2017:13:59:45, 315, 2210, 2 
26/Jan/2017:13:59:45, 919, 1130, 1 
26/Jan/2017:13:59:45, 315, 225, 2 
26/Jan/2017:13:59:45, 919, 1130, 1 
26/Jan/2017:13:59:45, 315, 2220, 2 
26/Jan/2017:13:59:45, 919, 1120, 1 
26/Jan/2017:13:59:45, 315, 2240, 2 
26/Jan/2017:13:59:45, 919, 1110, 1 
26/Jan/2017:13:59:45, 315, 2220, 2 
26/Jan/2017:13:59:45, 919, 1130, 1 
26/Jan/2017:13:59:45, 315, 225, 2 
26/Jan/2017:13:59:45, 919, 1110, 1 
26/Jan/2017:13:59:45, 315, 2245, 2 
26/Jan/2017:13:59:45, 919, 1120, 1 
26/Jan/2017:13:59:45, 315, 2230, 2 
26/Jan/2017:13:59:45, 37, 1140, 1 
26/Jan/2017:13:59:45, 576, 2210, 2 
26/Jan/2017:13:59:45, 37, 1140, 1 
26/Jan/2017:13:59:45, 576, 2220, 2 
26/Jan/2017:13:59:45, 37, 1110, 1 
26/Jan/2017:13:59:45, 576, 2250, 2 
26/Jan/2017:13:59:45, 37, 1140, 1 
26/Jan/2017:13:59:45, 576, 2220, 2 
26/Jan/2017:13:59:45, 37, 1110, 1 
26/Jan/2017:13:59:45, 576, 2235, 2 
26/Jan/2017:13:59:45, 37, 1110, 1 
26/Jan/2017:13:59:45, 576, 2230, 2 
26/Jan/2017:13:59:45, 37, 1150, 1 
26/Jan/2017:13:59:45, 576, 2230, 2 
26/Jan/2017:13:59:45, 37, 1120, 1 
26/Jan/2017:13:59:45, 576, 2245, 2 
26/Jan/2017:13:59:45, 37, 1140, 1 
26/Jan/2017:13:59:45, 576, 2250, 2 
26/Jan/2017:13:59:45, 37, 1130, 1 
26/Jan/2017:13:59:45, 576, 2245, 2 
26/Jan/2017:13:59:45, 37, 1120, 1 
26/Jan/2017:13:59:45, 576, 2250, 2 
26/Jan/2017:13:59:45, 37, 1140, 1 
26/Jan/2017:13:59:45, 576, 225, 2 
26/Jan/2017:13:59:45, 37, 1120, 1 
26/Jan/2017:13:59:45, 576, 2225, 2 
26/Jan/2017:13:59:45, 37, 1120, 1 
26/Jan/2017:13:59:45, 576, 2240, 2 
26/Jan/2017:13:59:45, 37, 1130, 1 
26/Jan/2017:13:59:45, 576, 2250, 2 
26/Jan/2017:13:59:45, 37, 1120, 1 
26/Jan/2017:13:59:45, 576, 2240, 2 
26/Jan/2017:13:59:45, 37, 1150, 1 
26/Jan/2017:13:59:45, 576, 2230, 2 
26/Jan/2017:13:59:45, 37, 1110, 1 
26/Jan/2017:13:59:45, 576, 2210, 2 
26/Jan/2017:13:59:45, 37, 1120, 1 
26/Jan/2017:13:59:45, 576, 225, 2 
26/Jan/2017:13:59:45, 37, 1110, 1 
26/Jan/2017:13:59:45, 576, 2235, 2 
26/Jan/2017:13:59:45, 808, 1120, 1 
26/Jan/2017:13:59:45, 325, 2215, 2 
26/Jan/2017:13:59:45, 808, 1120, 1 
26/Jan/2017:13:59:45, 325, 2245, 2 
26/Jan/2017:13:59:45, 808, 1110, 1 
26/Jan/2017:13:59:45, 325, 2245, 2 
26/Jan/2017:13:59:45, 808, 1140, 1 
26/Jan/2017:13:59:45, 325, 2220, 2 
26/Jan/2017:13:59:45, 808, 1130, 1 
26/Jan/2017:13:59:45, 325, 2225, 2 
26/Jan/2017:13:59:45, 808, 1130, 1 
26/Jan/2017:13:59:45, 325, 2225, 2 
26/Jan/2017:13:59:45, 648, 1110, 1 
26/Jan/2017:13:59:45, 934, 2250, 2 
26/Jan/2017:13:59:45, 648, 1150, 1 
26/Jan/2017:13:59:45, 934, 2245, 2 
26/Jan/2017:13:59:45, 648, 1120, 1 
26/Jan/2017:13:59:45, 934, 225, 2 
26/Jan/2017:13:59:45, 648, 1140, 1 
26/Jan/2017:13:59:45, 934, 2240, 2 
26/Jan/2017:13:59:45, 648, 1130, 1 
26/Jan/2017:13:59:45, 934, 2250, 2 
26/Jan/2017:13:59:45, 648, 1110, 1 
26/Jan/2017:13:59:45, 934, 2235, 2 
26/Jan/2017:13:59:45, 703, 1120, 1 
26/Jan/2017:13:59:45, 661, 2215, 2 
26/Jan/2017:13:59:45, 703, 1140, 1 
26/Jan/2017:13:59:45, 661, 2210, 2 
26/Jan/2017:13:59:45, 703, 1110, 1 
26/Jan/2017:13:59:45, 661, 2240, 2 
26/Jan/2017:13:59:45, 703, 1140, 1 
26/Jan/2017:13:59:45, 661, 2240, 2 
26/Jan/2017:13:59:45, 703, 1130, 1 
26/Jan/2017:13:59:45, 661, 2245, 2 
26/Jan/2017:13:59:45, 703, 1130, 1 
26/Jan/2017:13:59:45, 661, 225, 2 
26/Jan/2017:13:59:45, 703, 1120, 1 
26/Jan/2017:13:59:45, 661, 2240, 2 
26/Jan/2017:13:59:45, 703, 1140, 1 
26/Jan/2017:13:59:45, 661, 2240, 2 
26/Jan/2017:13:59:45, 703, 1110, 1 
26/Jan/2017:13:59:45, 661, 2230, 2 
26/Jan/2017:13:59:45, 703, 1150, 1 
26/Jan/2017:13:59:45, 661, 2245, 2 
26/Jan/2017:13:59:45, 703, 1140, 1 
26/Jan/2017:13:59:45, 661, 2215, 2 
26/Jan/2017:13:59:45, 298, 1130, 1 
26/Jan/2017:13:59:45, 797, 2245, 2 
26/Jan/2017:13:59:45, 298, 1110, 1 
26/Jan/2017:13:59:45, 797, 2210, 2 
26/Jan/2017:13:59:45, 298, 1120, 1 
26/Jan/2017:13:59:45, 797, 2225, 2 
26/Jan/2017:13:59:45, 298, 1150, 1 
26/Jan/2017:13:59:45, 797, 2215, 2 
26/Jan/2017:13:59:45, 298, 1130, 1 
26/Jan/2017:13:59:45, 797, 2245, 2 
26/Jan/2017:13:59:45, 298, 1110, 1 
26/Jan/2017:13:59:45, 797, 2220, 2 
26/Jan/2017:13:59:45, 298, 1130, 1 
26/Jan/2017:13:59:45, 797, 2240, 2 
26/Jan/2017:13:59:45, 298, 1110, 1 
26/Jan/2017:13:59:45, 797, 2250, 2 
26/Jan/2017:13:59:45, 298, 1120, 1 
26/Jan/2017:13:59:45, 797, 2220, 2 
26/Jan/2017:13:59:45, 298, 1120, 1 
26/Jan/2017:13:59:45, 797, 2235, 2 
26/Jan/2017:13:59:45, 298, 1130, 1 
26/Jan/2017:13:59:45, 797, 2210, 2 
26/Jan/2017:13:59:45, 298, 1130, 1 
26/Jan/2017:13:59:45, 797, 225, 2 
26/Jan/2017:13:59:45, 298, 1120, 1 
26/Jan/2017:13:59:45, 797, 2240, 2 
26/Jan/2017:13:59:45, 298, 1150, 1 
26/Jan/2017:13:59:45, 797, 2235, 2 
26/Jan/2017:13:59:45, 298, 1120, 1 
26/Jan/2017:13:59:45, 797, 2225, 2 
26/Jan/2017:13:59:45, 298, 1130, 1 
26/Jan/2017:13:59:45, 797, 2235, 2 
26/Jan/2017:13:59:45, 298, 1140, 1 
26/Jan/2017:13:59:45, 797, 2240, 2 
26/Jan/2017:13:59:45, 298, 1150, 1 
26/Jan/2017:13:59:45, 797, 2245, 2 
26/Jan/2017:13:59:45, 298, 1120, 1 
26/Jan/2017:13:59:45, 797, 2215, 2 
26/Jan/2017:13:59:45, 298, 1140, 1 
26/Jan/2017:13:59:45, 797, 2230, 2 
26/Jan/2017:13:59:45, 843, 1130, 1 
26/Jan/2017:13:59:45, 630, 2250, 2 
26/Jan/2017:13:59:45, 843, 1150, 1 
26/Jan/2017:13:59:45, 630, 2240, 2 
26/Jan/2017:13:59:45, 593, 1130, 1 
26/Jan/2017:13:59:45, 583, 2250, 2 
26/Jan/2017:13:59:45, 593, 1110, 1 
26/Jan/2017:13:59:45, 583, 2240, 2 
26/Jan/2017:13:59:45, 593, 1120, 1 
26/Jan/2017:13:59:45, 583, 2240, 2 
26/Jan/2017:13:59:45, 593, 1140, 1 
26/Jan/2017:13:59:45, 583, 2220, 2 
26/Jan/2017:13:59:45, 593, 1140, 1 
26/Jan/2017:13:59:45, 583, 2235, 2 
26/Jan/2017:13:59:45, 593, 1150, 1 
26/Jan/2017:13:59:45, 583, 2235, 2 
26/Jan/2017:13:59:45, 593, 1110, 1 
26/Jan/2017:13:59:45, 583, 2235, 2 
26/Jan/2017:13:59:45, 593, 1110, 1 
26/Jan/2017:13:59:45, 583, 2215, 2 
26/Jan/2017:13:59:45, 593, 1150, 1 
26/Jan/2017:13:59:45, 583, 2250, 2 
26/Jan/2017:13:59:45, 593, 1150, 1 
26/Jan/2017:13:59:45, 583, 2215, 2 
26/Jan/2017:13:59:45, 593, 1150, 1 
26/Jan/2017:13:59:45, 583, 2210, 2 
26/Jan/2017:13:59:45, 593, 1150, 1 
26/Jan/2017:13:59:45, 583, 2250, 2 
26/Jan/2017:13:59:45, 593, 1130, 1 
26/Jan/2017:13:59:45, 583, 225, 2 
26/Jan/2017:13:59:45, 773, 1140, 1 
26/Jan/2017:13:59:45, 599, 2245, 2 
26/Jan/2017:13:59:45, 773, 1150, 1 
26/Jan/2017:13:59:45, 599, 2230, 2 
26/Jan/2017:13:59:45, 773, 1130, 1 
26/Jan/2017:13:59:45, 599, 2230, 2 
26/Jan/2017:13:59:45, 773, 1150, 1 
26/Jan/2017:13:59:45, 599, 2250, 2 
26/Jan/2017:13:59:45, 773, 1130, 1 
26/Jan/2017:13:59:45, 599, 2215, 2 
26/Jan/2017:13:59:45, 773, 1110, 1 
26/Jan/2017:13:59:45, 599, 2250, 2 
26/Jan/2017:13:59:45, 773, 1120, 1 
26/Jan/2017:13:59:45, 599, 2225, 2 
26/Jan/2017:13:59:45, 773, 1110, 1 
26/Jan/2017:13:59:45, 599, 225, 2 
26/Jan/2017:13:59:45, 773, 1140, 1 
26/Jan/2017:13:59:45, 599, 2235, 2 
26/Jan/2017:13:59:45, 773, 1140, 1 
26/Jan/2017:13:59:45, 599, 2245, 2 
26/Jan/2017:13:59:45, 773, 1140, 1 
26/Jan/2017:13:59:45, 599, 2245, 2 
26/Jan/2017:13:59:45, 773, 1110, 1 
26/Jan/2017:13:59:45, 599, 2250, 2 
26/Jan/2017:13:59:45, 773, 1150, 1 
26/Jan/2017:13:59:45, 599, 2220, 2 
26/Jan/2017:13:59:45, 773, 1140, 1 
26/Jan/2017:13:59:45, 599, 2230, 2 
26/Jan/2017:13:59:45, 773, 1150, 1 
26/Jan/2017:13:59:45, 599, 2225, 2 
26/Jan/2017:13:59:45, 773, 1130, 1 
26/Jan/2017:13:59:45, 599, 2250, 2 
26/Jan/2017:13:59:45, 773, 1110, 1 
26/Jan/2017:13:59:45, 599, 2225, 2 
26/Jan/2017:13:59:45, 773, 1110, 1 
26/Jan/2017:13:59:45, 599, 2215, 2 
26/Jan/2017:13:59:45, 773, 1140, 1 
26/Jan/2017:13:59:45, 599, 2250, 2 
26/Jan/2017:13:59:45, 773, 1110, 1 
26/Jan/2017:13:59:45, 599, 225, 2 
26/Jan/2017:13:59:45, 796, 1110, 1 
26/Jan/2017:13:59:45, 748, 2215, 2 
26/Jan/2017:13:59:45, 796, 1120, 1 
26/Jan/2017:13:59:45, 748, 2225, 2 
26/Jan/2017:13:59:45, 796, 1150, 1 
26/Jan/2017:13:59:45, 748, 2235, 2 
26/Jan/2017:13:59:45, 796, 1130, 1 
26/Jan/2017:13:59:45, 748, 2240, 2 
26/Jan/2017:13:59:45, 796, 1150, 1 
26/Jan/2017:13:59:45, 748, 2235, 2 
26/Jan/2017:13:59:45, 796, 1120, 1 
26/Jan/2017:13:59:45, 748, 2215, 2 
26/Jan/2017:13:59:45, 796, 1130, 1 
26/Jan/2017:13:59:45, 748, 2230, 2 
26/Jan/2017:13:59:45, 796, 1110, 1 
26/Jan/2017:13:59:45, 748, 2225, 2 
26/Jan/2017:13:59:45, 796, 1140, 1 
26/Jan/2017:13:59:45, 748, 2220, 2 
26/Jan/2017:13:59:45, 796, 1110, 1 
26/Jan/2017:13:59:45, 748, 2240, 2 
26/Jan/2017:13:59:45, 796, 1120, 1 
26/Jan/2017:13:59:45, 748, 2240, 2 
26/Jan/2017:13:59:45, 796, 1140, 1 
26/Jan/2017:13:59:45, 748, 2220, 2 
26/Jan/2017:13:59:45, 796, 1110, 1 
26/Jan/2017:13:59:45, 748, 2210, 2 
26/Jan/2017:13:59:45, 796, 1110, 1 
26/Jan/2017:13:59:45, 748, 225, 2 
26/Jan/2017:13:59:45, 796, 1110, 1 
26/Jan/2017:13:59:45, 748, 2210, 2 
26/Jan/2017:13:59:45, 796, 1130, 1 
26/Jan/2017:13:59:45, 748, 2230, 2 
26/Jan/2017:13:59:45, 796, 1130, 1 
26/Jan/2017:13:59:45, 748, 2225, 2 
26/Jan/2017:13:59:45, 796, 1140, 1 
26/Jan/2017:13:59:45, 748, 2220, 2 
26/Jan/2017:13:59:45, 796, 1130, 1 
26/Jan/2017:13:59:45, 748, 2210, 2 
26/Jan/2017:13:59:45, 796, 1110, 1 
26/Jan/2017:13:59:45, 748, 2215, 2 
26/Jan/2017:13:59:45, 719, 1130, 1 
26/Jan/2017:13:59:45, 271, 2210, 2 
26/Jan/2017:13:59:45, 719, 1140, 1 
26/Jan/2017:13:59:45, 271, 2230, 2 
26/Jan/2017:13:59:45, 719, 1130, 1 
26/Jan/2017:13:59:45, 271, 2210, 2 
26/Jan/2017:13:59:45, 719, 1110, 1 
26/Jan/2017:13:59:45, 271, 2240, 2 
26/Jan/2017:13:59:45, 719, 1150, 1 
26/Jan/2017:13:59:45, 271, 2245, 2 
26/Jan/2017:13:59:45, 719, 1110, 1 
26/Jan/2017:13:59:45, 271, 2225, 2 
26/Jan/2017:13:59:45, 719, 1120, 1 
26/Jan/2017:13:59:45, 271, 2245, 2 
26/Jan/2017:13:59:45, 104, 1130, 1 
26/Jan/2017:13:59:45, 282, 2235, 2 
26/Jan/2017:13:59:45, 104, 1150, 1 
26/Jan/2017:13:59:45, 282, 2225, 2 
26/Jan/2017:13:59:45, 443, 1120, 1 
26/Jan/2017:13:59:45, 301, 2210, 2 
26/Jan/2017:13:59:45, 443, 1120, 1 
26/Jan/2017:13:59:45, 301, 2220, 2 
26/Jan/2017:13:59:45, 443, 1120, 1 
26/Jan/2017:13:59:45, 301, 2240, 2 
26/Jan/2017:13:59:45, 443, 1110, 1 
26/Jan/2017:13:59:45, 301, 2235, 2 
26/Jan/2017:13:59:45, 443, 1130, 1 
26/Jan/2017:13:59:45, 301, 2210, 2 
26/Jan/2017:13:59:45, 443, 1140, 1 
26/Jan/2017:13:59:45, 301, 2235, 2 
26/Jan/2017:13:59:45, 443, 1150, 1 
26/Jan/2017:13:59:45, 301, 2225, 2 
26/Jan/2017:13:59:45, 443, 1120, 1 
26/Jan/2017:13:59:45, 301, 2230, 2 
26/Jan/2017:13:59:45, 443, 1130, 1 
26/Jan/2017:13:59:45, 301, 2215, 2 
26/Jan/2017:13:59:45, 443, 1140, 1 
26/Jan/2017:13:59:45, 301, 225, 2 
26/Jan/2017:13:59:45, 443, 1120, 1 
26/Jan/2017:13:59:45, 301, 2245, 2 
26/Jan/2017:13:59:45, 443, 1120, 1 
26/Jan/2017:13:59:45, 301, 2250, 2 
26/Jan/2017:13:59:45, 443, 1130, 1 
26/Jan/2017:13:59:45, 301, 2230, 2 
26/Jan/2017:13:59:45, 443, 1120, 1 
26/Jan/2017:13:59:45, 301, 2245, 2 
26/Jan/2017:13:59:45, 443, 1120, 1 
26/Jan/2017:13:59:45, 301, 225, 2 
26/Jan/2017:13:59:45, 443, 1140, 1 
26/Jan/2017:13:59:45, 301, 2250, 2 
26/Jan/2017:13:59:45, 443, 1130, 1 
26/Jan/2017:13:59:45, 301, 2210, 2 
26/Jan/2017:13:59:45, 443, 1120, 1 
26/Jan/2017:13:59:45, 301, 2250, 2 
26/Jan/2017:13:59:45, 443, 1120, 1 
26/Jan/2017:13:59:45, 301, 2245, 2 
26/Jan/2017:13:59:45, 443, 1110, 1 
26/Jan/2017:13:59:45, 301, 2235, 2 
26/Jan/2017:13:59:45, 947, 1150, 1 
26/Jan/2017:13:59:45, 593, 2250, 2 
26/Jan/2017:13:59:45, 947, 1140, 1 
26/Jan/2017:13:59:45, 593, 2210, 2 
26/Jan/2017:13:59:45, 947, 1130, 1 
26/Jan/2017:13:59:45, 593, 2210, 2 
26/Jan/2017:13:59:45, 947, 1130, 1 
26/Jan/2017:13:59:45, 593, 2240, 2 
26/Jan/2017:13:59:45, 947, 1120, 1 
26/Jan/2017:13:59:45, 593, 2240, 2 
26/Jan/2017:13:59:45, 947, 1130, 1 
26/Jan/2017:13:59:45, 593, 2225, 2 
26/Jan/2017:13:59:45, 947, 1110, 1 
26/Jan/2017:13:59:45, 593, 2245, 2 
26/Jan/2017:13:59:45, 947, 1130, 1 
26/Jan/2017:13:59:45, 593, 2220, 2 
26/Jan/2017:13:59:45, 947, 1140, 1 
26/Jan/2017:13:59:45, 593, 2210, 2 
26/Jan/2017:13:59:45, 892, 1110, 1 
26/Jan/2017:13:59:45, 275, 2210, 2 
26/Jan/2017:13:59:45, 892, 1140, 1 
26/Jan/2017:13:59:45, 275, 2215, 2 
26/Jan/2017:13:59:45, 892, 1140, 1 
26/Jan/2017:13:59:45, 275, 2235, 2 
26/Jan/2017:13:59:45, 892, 1130, 1 
26/Jan/2017:13:59:45, 275, 2235, 2 
26/Jan/2017:13:59:45, 892, 1120, 1 
26/Jan/2017:13:59:45, 275, 2215, 2 
26/Jan/2017:13:59:45, 892, 1110, 1 
26/Jan/2017:13:59:45, 275, 2210, 2 
26/Jan/2017:13:59:45, 892, 1140, 1 
26/Jan/2017:13:59:45, 275, 2210, 2 
26/Jan/2017:13:59:45, 892, 1140, 1 
26/Jan/2017:13:59:45, 275, 2225, 2 
26/Jan/2017:13:59:45, 892, 1110, 1 
26/Jan/2017:13:59:45, 275, 225, 2 
26/Jan/2017:13:59:45, 892, 1140, 1 
26/Jan/2017:13:59:45, 275, 2235, 2 
26/Jan/2017:13:59:45, 892, 1150, 1 
26/Jan/2017:13:59:45, 275, 2210, 2 
26/Jan/2017:13:59:45, 892, 1140, 1 
26/Jan/2017:13:59:45, 275, 2215, 2 
26/Jan/2017:13:59:45, 892, 1120, 1 
26/Jan/2017:13:59:45, 275, 2210, 2 
26/Jan/2017:13:59:45, 892, 1110, 1 
26/Jan/2017:13:59:45, 275, 2245, 2 
26/Jan/2017:13:59:45, 892, 1140, 1 
26/Jan/2017:13:59:45, 275, 225, 2 
26/Jan/2017:13:59:45, 892, 1150, 1 
26/Jan/2017:13:59:45, 275, 2245, 2 
26/Jan/2017:13:59:45, 892, 1150, 1 
26/Jan/2017:13:59:45, 275, 2245, 2 
26/Jan/2017:13:59:45, 892, 1120, 1 
26/Jan/2017:13:59:45, 275, 2235, 2 
26/Jan/2017:13:59:45, 892, 1110, 1 
26/Jan/2017:13:59:45, 275, 225, 2 
26/Jan/2017:13:59:45, 350, 1130, 1 
26/Jan/2017:13:59:45, 285, 2210, 2 
26/Jan/2017:13:59:45, 350, 1110, 1 
26/Jan/2017:13:59:45, 285, 2235, 2 
26/Jan/2017:13:59:45, 735, 1120, 1 
26/Jan/2017:13:59:45, 95, 2230, 2 
26/Jan/2017:13:59:45, 735, 1110, 1 
26/Jan/2017:13:59:45, 95, 2250, 2 
26/Jan/2017:13:59:45, 735, 1110, 1 
26/Jan/2017:13:59:45, 95, 2245, 2 
26/Jan/2017:13:59:45, 735, 1130, 1 
26/Jan/2017:13:59:45, 95, 225, 2 
26/Jan/2017:13:59:45, 89, 1110, 1 
26/Jan/2017:13:59:45, 84, 2245, 2 
26/Jan/2017:13:59:45, 89, 1120, 1 
26/Jan/2017:13:59:45, 84, 2250, 2 
26/Jan/2017:13:59:45, 89, 1140, 1 
26/Jan/2017:13:59:45, 84, 2210, 2 
26/Jan/2017:13:59:45, 633, 1140, 1 
26/Jan/2017:13:59:45, 144, 2250, 2 
26/Jan/2017:13:59:45, 633, 1120, 1 
26/Jan/2017:13:59:45, 144, 2240, 2 
26/Jan/2017:13:59:45, 633, 1150, 1 
26/Jan/2017:13:59:45, 144, 2230, 2 
26/Jan/2017:13:59:45, 633, 1150, 1 
26/Jan/2017:13:59:45, 144, 2225, 2 
26/Jan/2017:13:59:45, 633, 1110, 1 
26/Jan/2017:13:59:45, 144, 2210, 2 
26/Jan/2017:13:59:45, 633, 1120, 1 
26/Jan/2017:13:59:45, 144, 2250, 2 
26/Jan/2017:13:59:45, 633, 1110, 1 
26/Jan/2017:13:59:45, 144, 2215, 2 
26/Jan/2017:13:59:45, 633, 1110, 1 
26/Jan/2017:13:59:45, 144, 2225, 2 
26/Jan/2017:13:59:45, 633, 1110, 1 
26/Jan/2017:13:59:45, 144, 2250, 2 
26/Jan/2017:13:59:45, 633, 1130, 1 
26/Jan/2017:13:59:45, 144, 2225, 2 
26/Jan/2017:13:59:45, 633, 1150, 1 
26/Jan/2017:13:59:45, 144, 2230, 2 
26/Jan/2017:13:59:45, 633, 1140, 1 
26/Jan/2017:13:59:45, 144, 2250, 2 
26/Jan/2017:13:59:45, 633, 1110, 1 
26/Jan/2017:13:59:45, 144, 2220, 2 
26/Jan/2017:13:59:45, 633, 1120, 1 
26/Jan/2017:13:59:45, 144, 2225, 2 
26/Jan/2017:13:59:45, 633, 1110, 1 
26/Jan/2017:13:59:45, 144, 2215, 2 
26/Jan/2017:13:59:45, 633, 1110, 1 
26/Jan/2017:13:59:45, 144, 2230, 2 
26/Jan/2017:13:59:45, 633, 1150, 1 
26/Jan/2017:13:59:45, 144, 2210, 2 
26/Jan/2017:13:59:45, 633, 1120, 1 
26/Jan/2017:13:59:45, 144, 2250, 2 
26/Jan/2017:13:59:45, 633, 1130, 1 
26/Jan/2017:13:59:45, 144, 2235, 2 
26/Jan/2017:13:59:45, 633, 1110, 1 
26/Jan/2017:13:59:45, 144, 2215, 2 
26/Jan/2017:13:59:45, 584, 1110, 1 
26/Jan/2017:13:59:45, 830, 2235, 2 
26/Jan/2017:13:59:45, 584, 1110, 1 
26/Jan/2017:13:59:45, 830, 2250, 2 
26/Jan/2017:13:59:45, 163, 1110, 1 
26/Jan/2017:13:59:45, 703, 2220, 2 
26/Jan/2017:13:59:45, 163, 1120, 1 
26/Jan/2017:13:59:45, 703, 2245, 2 
26/Jan/2017:13:59:45, 163, 1130, 1 
26/Jan/2017:13:59:45, 703, 2245, 2 
26/Jan/2017:13:59:45, 163, 1110, 1 
26/Jan/2017:13:59:45, 703, 2210, 2 
26/Jan/2017:13:59:45, 163, 1130, 1 
26/Jan/2017:13:59:45, 703, 2210, 2 
26/Jan/2017:13:59:45, 163, 1130, 1 
26/Jan/2017:13:59:45, 703, 2210, 2 
26/Jan/2017:13:59:45, 163, 1140, 1 
26/Jan/2017:13:59:45, 703, 2240, 2 
26/Jan/2017:13:59:45, 163, 1120, 1 
26/Jan/2017:13:59:45, 703, 2220, 2 
26/Jan/2017:13:59:45, 163, 1140, 1 
26/Jan/2017:13:59:45, 703, 2220, 2 
26/Jan/2017:13:59:45, 163, 1120, 1 
26/Jan/2017:13:59:45, 703, 2245, 2 
26/Jan/2017:13:59:45, 163, 1110, 1 
26/Jan/2017:13:59:45, 703, 2215, 2 
26/Jan/2017:13:59:45, 163, 1110, 1 
26/Jan/2017:13:59:45, 703, 2220, 2 
26/Jan/2017:13:59:45, 163, 1140, 1 
26/Jan/2017:13:59:45, 703, 2225, 2 
26/Jan/2017:13:59:45, 163, 1110, 1 
26/Jan/2017:13:59:45, 703, 2215, 2 
26/Jan/2017:13:59:45, 163, 1120, 1 
26/Jan/2017:13:59:45, 703, 2210, 2 
26/Jan/2017:13:59:45, 163, 1120, 1 
26/Jan/2017:13:59:45, 703, 2215, 2 
26/Jan/2017:13:59:45, 290, 1120, 1 
26/Jan/2017:13:59:45, 125, 2230, 2 
26/Jan/2017:13:59:45, 800, 1140, 1 
26/Jan/2017:13:59:45, 120, 2235, 2 
26/Jan/2017:13:59:45, 800, 1110, 1 
26/Jan/2017:13:59:45, 120, 2250, 2 
26/Jan/2017:13:59:45, 800, 1130, 1 
26/Jan/2017:13:59:45, 120, 225, 2 
26/Jan/2017:13:59:45, 800, 1110, 1 
26/Jan/2017:13:59:45, 120, 2225, 2 
26/Jan/2017:13:59:45, 800, 1110, 1 
26/Jan/2017:13:59:45, 120, 2245, 2 
26/Jan/2017:13:59:45, 800, 1120, 1 
26/Jan/2017:13:59:45, 120, 2215, 2 
26/Jan/2017:13:59:45, 935, 1140, 1 
26/Jan/2017:13:59:45, 515, 2240, 2 
26/Jan/2017:13:59:45, 935, 1110, 1 
26/Jan/2017:13:59:45, 515, 225, 2 
26/Jan/2017:13:59:45, 935, 1110, 1 
26/Jan/2017:13:59:45, 515, 2230, 2 
26/Jan/2017:13:59:45, 935, 1130, 1 
26/Jan/2017:13:59:45, 515, 2210, 2 
26/Jan/2017:13:59:45, 935, 1130, 1 
26/Jan/2017:13:59:45, 515, 225, 2 
26/Jan/2017:13:59:45, 935, 1150, 1 
26/Jan/2017:13:59:45, 515, 2240, 2 
26/Jan/2017:13:59:45, 935, 1150, 1 
26/Jan/2017:13:59:45, 515, 2225, 2 
26/Jan/2017:13:59:45, 935, 1140, 1 
26/Jan/2017:13:59:45, 515, 2210, 2 
26/Jan/2017:13:59:45, 935, 1140, 1 
26/Jan/2017:13:59:45, 515, 2225, 2 
26/Jan/2017:13:59:45, 935, 1130, 1 
26/Jan/2017:13:59:45, 515, 2225, 2 
26/Jan/2017:13:59:45, 935, 1110, 1 
26/Jan/2017:13:59:45, 515, 2210, 2 
26/Jan/2017:13:59:45, 935, 1150, 1 
26/Jan/2017:13:59:45, 515, 2250, 2 
26/Jan/2017:13:59:45, 935, 1120, 1 
26/Jan/2017:13:59:45, 515, 2210, 2 
26/Jan/2017:13:59:45, 935, 1120, 1 
26/Jan/2017:13:59:45, 515, 225, 2 
26/Jan/2017:13:59:45, 935, 1130, 1 
26/Jan/2017:13:59:45, 515, 2225, 2 
26/Jan/2017:13:59:45, 935, 1140, 1 
26/Jan/2017:13:59:45, 515, 2245, 2 
26/Jan/2017:13:59:45, 935, 1110, 1 
26/Jan/2017:13:59:45, 515, 2225, 2 
26/Jan/2017:13:59:45, 935, 1150, 1 
26/Jan/2017:13:59:45, 515, 2250, 2 
26/Jan/2017:13:59:45, 935, 1110, 1 
26/Jan/2017:13:59:45, 515, 225, 2 
26/Jan/2017:13:59:45, 935, 1150, 1 
26/Jan/2017:13:59:45, 515, 2235, 2 
26/Jan/2017:13:59:45, 817, 1110, 1 
26/Jan/2017:13:59:45, 951, 2225, 2 
26/Jan/2017:13:59:45, 817, 1130, 1 
26/Jan/2017:13:59:45, 951, 2225, 2 
26/Jan/2017:13:59:45, 235, 1130, 1 
26/Jan/2017:13:59:45, 779, 2245, 2 
26/Jan/2017:13:59:45, 941, 1150, 1 
26/Jan/2017:13:59:45, 340, 225, 2 
26/Jan/2017:13:59:45, 941, 1120, 1 
26/Jan/2017:13:59:45, 340, 2250, 2 
26/Jan/2017:13:59:45, 941, 1130, 1 
26/Jan/2017:13:59:45, 340, 2220, 2 
26/Jan/2017:13:59:45, 289, 1140, 1 
26/Jan/2017:13:59:45, 304, 2230, 2 
26/Jan/2017:13:59:45, 289, 1120, 1 
26/Jan/2017:13:59:45, 304, 2225, 2 
26/Jan/2017:13:59:45, 289, 1140, 1 
26/Jan/2017:13:59:45, 304, 2230, 2 
26/Jan/2017:13:59:45, 289, 1120, 1 
26/Jan/2017:13:59:45, 304, 225, 2 
26/Jan/2017:13:59:45, 289, 1150, 1 
26/Jan/2017:13:59:45, 304, 2245, 2 
26/Jan/2017:13:59:45, 289, 1130, 1 
26/Jan/2017:13:59:45, 304, 2250, 2 
26/Jan/2017:13:59:45, 844, 1120, 1 
26/Jan/2017:13:59:45, 152, 2250, 2 
26/Jan/2017:13:59:45, 844, 1130, 1 
26/Jan/2017:13:59:45, 152, 2240, 2 
26/Jan/2017:13:59:45, 844, 1110, 1 
26/Jan/2017:13:59:45, 152, 2215, 2 
26/Jan/2017:13:59:45, 844, 1140, 1 
26/Jan/2017:13:59:45, 152, 2225, 2 
26/Jan/2017:13:59:45, 844, 1150, 1 
26/Jan/2017:13:59:45, 152, 2250, 2 
26/Jan/2017:13:59:45, 844, 1120, 1 
26/Jan/2017:13:59:45, 152, 2235, 2 
26/Jan/2017:13:59:45, 844, 1120, 1 
26/Jan/2017:13:59:45, 152, 2245, 2 
26/Jan/2017:13:59:45, 844, 1140, 1 
26/Jan/2017:13:59:45, 152, 2235, 2 
26/Jan/2017:13:59:45, 844, 1120, 1 
26/Jan/2017:13:59:45, 152, 2225, 2 
26/Jan/2017:13:59:45, 844, 1110, 1 
26/Jan/2017:13:59:45, 152, 2220, 2 
26/Jan/2017:13:59:45, 844, 1140, 1 
26/Jan/2017:13:59:45, 152, 2235, 2 
26/Jan/2017:13:59:45, 844, 1150, 1 
26/Jan/2017:13:59:45, 152, 2250, 2 
26/Jan/2017:13:59:45, 844, 1110, 1 
26/Jan/2017:13:59:45, 152, 225, 2 
26/Jan/2017:13:59:45, 844, 1120, 1 
26/Jan/2017:13:59:45, 152, 2225, 2 
26/Jan/2017:13:59:45, 844, 1120, 1 
26/Jan/2017:13:59:45, 152, 225, 2 
26/Jan/2017:13:59:45, 523, 1150, 1 
26/Jan/2017:13:59:45, 602, 2215, 2 
26/Jan/2017:13:59:45, 523, 1110, 1 
26/Jan/2017:13:59:45, 602, 2235, 2 
26/Jan/2017:13:59:45, 523, 1110, 1 
26/Jan/2017:13:59:45, 602, 2230, 2 
26/Jan/2017:13:59:45, 523, 1130, 1 
26/Jan/2017:13:59:45, 602, 225, 2 
26/Jan/2017:13:59:45, 523, 1120, 1 
26/Jan/2017:13:59:45, 602, 2235, 2 
26/Jan/2017:13:59:45, 523, 1130, 1 
26/Jan/2017:13:59:45, 602, 2245, 2 
26/Jan/2017:13:59:45, 523, 1140, 1 
26/Jan/2017:13:59:45, 602, 2225, 2 
26/Jan/2017:13:59:45, 120, 1130, 1 
26/Jan/2017:13:59:45, 239, 2210, 2 
26/Jan/2017:13:59:45, 120, 1140, 1 
26/Jan/2017:13:59:45, 239, 2210, 2 
26/Jan/2017:13:59:45, 120, 1150, 1 
26/Jan/2017:13:59:45, 239, 2225, 2 
26/Jan/2017:13:59:45, 120, 1150, 1 
26/Jan/2017:13:59:45, 239, 2215, 2 
26/Jan/2017:13:59:45, 120, 1120, 1 
26/Jan/2017:13:59:45, 239, 2240, 2 
26/Jan/2017:13:59:45, 120, 1140, 1 
26/Jan/2017:13:59:45, 239, 2220, 2 
26/Jan/2017:13:59:45, 120, 1140, 1 
26/Jan/2017:13:59:45, 239, 2225, 2 
26/Jan/2017:13:59:45, 120, 1120, 1 
26/Jan/2017:13:59:45, 239, 225, 2 
26/Jan/2017:13:59:45, 120, 1140, 1 
26/Jan/2017:13:59:45, 239, 2250, 2 
26/Jan/2017:13:59:45, 120, 1140, 1 
26/Jan/2017:13:59:45, 239, 2235, 2 
26/Jan/2017:13:59:45, 120, 1120, 1 
26/Jan/2017:13:59:45, 239, 225, 2 
26/Jan/2017:13:59:45, 120, 1140, 1 
26/Jan/2017:13:59:45, 239, 2235, 2 
26/Jan/2017:13:59:45, 120, 1110, 1 
26/Jan/2017:13:59:45, 239, 2220, 2 
26/Jan/2017:13:59:45, 120, 1150, 1 
26/Jan/2017:13:59:45, 239, 2215, 2 
26/Jan/2017:13:59:45, 120, 1140, 1 
26/Jan/2017:13:59:45, 239, 2230, 2 
26/Jan/2017:13:59:45, 120, 1120, 1 
26/Jan/2017:13:59:45, 239, 2230, 2 
26/Jan/2017:13:59:45, 120, 1110, 1 
26/Jan/2017:13:59:45, 239, 2245, 2 
26/Jan/2017:13:59:45, 120, 1150, 1 
26/Jan/2017:13:59:45, 239, 2235, 2 
26/Jan/2017:13:59:45, 120, 1130, 1 
26/Jan/2017:13:59:45, 239, 2225, 2 
26/Jan/2017:13:59:45, 120, 1120, 1 
26/Jan/2017:13:59:45, 239, 2220, 2 
26/Jan/2017:13:59:45, 726, 1120, 1 
26/Jan/2017:13:59:45, 821, 2220, 2 
26/Jan/2017:13:59:45, 726, 1140, 1 
26/Jan/2017:13:59:45, 821, 2225, 2 
26/Jan/2017:13:59:45, 726, 1120, 1 
26/Jan/2017:13:59:45, 821, 2240, 2 
26/Jan/2017:13:59:45, 726, 1110, 1 
26/Jan/2017:13:59:45, 821, 2220, 2 
26/Jan/2017:13:59:45, 726, 1110, 1 
26/Jan/2017:13:59:45, 821, 2215, 2 
26/Jan/2017:13:59:45, 726, 1140, 1 
26/Jan/2017:13:59:45, 821, 2210, 2 
26/Jan/2017:13:59:45, 726, 1110, 1 
26/Jan/2017:13:59:45, 821, 2210, 2 
26/Jan/2017:13:59:45, 726, 1140, 1 
26/Jan/2017:13:59:45, 821, 2215, 2 
26/Jan/2017:13:59:45, 726, 1120, 1 
26/Jan/2017:13:59:45, 821, 2220, 2 
26/Jan/2017:13:59:45, 726, 1140, 1 
26/Jan/2017:13:59:45, 821, 2235, 2 
26/Jan/2017:13:59:45, 726, 1150, 1 
26/Jan/2017:13:59:45, 821, 2210, 2 
26/Jan/2017:13:59:45, 726, 1110, 1 
26/Jan/2017:13:59:45, 821, 2250, 2 
26/Jan/2017:13:59:45, 726, 1120, 1 
26/Jan/2017:13:59:45, 821, 2235, 2 
26/Jan/2017:13:59:45, 726, 1140, 1 
26/Jan/2017:13:59:45, 821, 2245, 2 
26/Jan/2017:13:59:45, 726, 1130, 1 
26/Jan/2017:13:59:45, 821, 2245, 2 
26/Jan/2017:13:59:45, 726, 1120, 1 
26/Jan/2017:13:59:45, 821, 225, 2 
26/Jan/2017:13:59:45, 726, 1140, 1 
26/Jan/2017:13:59:45, 821, 2240, 2 
26/Jan/2017:13:59:45, 628, 1140, 1 
26/Jan/2017:13:59:45, 656, 2220, 2 
26/Jan/2017:13:59:45, 628, 1150, 1 
26/Jan/2017:13:59:45, 656, 2235, 2 
26/Jan/2017:13:59:45, 628, 1140, 1 
26/Jan/2017:13:59:45, 656, 2230, 2 
26/Jan/2017:13:59:45, 593, 1140, 1 
26/Jan/2017:13:59:45, 583, 2245, 2 
26/Jan/2017:13:59:45, 593, 1140, 1 
26/Jan/2017:13:59:45, 583, 2225, 2 
26/Jan/2017:13:59:45, 593, 1150, 1 
26/Jan/2017:13:59:45, 583, 2250, 2 
26/Jan/2017:13:59:45, 593, 1120, 1 
26/Jan/2017:13:59:45, 583, 2235, 2 
26/Jan/2017:13:59:45, 593, 1130, 1 
26/Jan/2017:13:59:45, 583, 2220, 2 
26/Jan/2017:13:59:45, 593, 1150, 1 
26/Jan/2017:13:59:45, 583, 2225, 2 
26/Jan/2017:13:59:45, 593, 1120, 1 
26/Jan/2017:13:59:45, 583, 2230, 2 
26/Jan/2017:13:59:45, 593, 1130, 1 
26/Jan/2017:13:59:45, 583, 2225, 2 
26/Jan/2017:13:59:45, 256, 1110, 1 
26/Jan/2017:13:59:45, 211, 2210, 2 
26/Jan/2017:13:59:45, 256, 1110, 1 
26/Jan/2017:13:59:45, 211, 225, 2 
26/Jan/2017:13:59:45, 256, 1130, 1 
26/Jan/2017:13:59:45, 211, 2210, 2 
26/Jan/2017:13:59:45, 256, 1150, 1 
26/Jan/2017:13:59:45, 211, 2230, 2 
26/Jan/2017:13:59:45, 256, 1130, 1 
26/Jan/2017:13:59:45, 211, 2240, 2 
26/Jan/2017:13:59:45, 256, 1140, 1 
26/Jan/2017:13:59:45, 211, 2240, 2 
26/Jan/2017:13:59:45, 256, 1110, 1 
26/Jan/2017:13:59:45, 211, 225, 2 
26/Jan/2017:13:59:45, 256, 1130, 1 
26/Jan/2017:13:59:45, 211, 2245, 2 
26/Jan/2017:13:59:45, 256, 1120, 1 
26/Jan/2017:13:59:45, 211, 2245, 2 
26/Jan/2017:13:59:45, 256, 1140, 1 
26/Jan/2017:13:59:45, 211, 2235, 2 
26/Jan/2017:13:59:45, 256, 1150, 1 
26/Jan/2017:13:59:45, 211, 2225, 2 
26/Jan/2017:13:59:45, 256, 1120, 1 
26/Jan/2017:13:59:45, 211, 2210, 2 
26/Jan/2017:13:59:45, 256, 1150, 1 
26/Jan/2017:13:59:45, 211, 2230, 2 
26/Jan/2017:13:59:45, 256, 1110, 1 
26/Jan/2017:13:59:45, 211, 2250, 2 
26/Jan/2017:13:59:45, 256, 1140, 1 
26/Jan/2017:13:59:45, 211, 2245, 2 
26/Jan/2017:13:59:45, 256, 1150, 1 
26/Jan/2017:13:59:45, 211, 2250, 2 
26/Jan/2017:13:59:45, 321, 1140, 1 
26/Jan/2017:13:59:45, 488, 2220, 2 
26/Jan/2017:13:59:45, 321, 1150, 1 
26/Jan/2017:13:59:45, 488, 2235, 2 
26/Jan/2017:13:59:45, 321, 1150, 1 
26/Jan/2017:13:59:45, 488, 2230, 2 
26/Jan/2017:13:59:45, 321, 1120, 1 
26/Jan/2017:13:59:45, 488, 2230, 2 
26/Jan/2017:13:59:45, 321, 1130, 1 
26/Jan/2017:13:59:45, 488, 2215, 2 
26/Jan/2017:13:59:45, 321, 1110, 1 
26/Jan/2017:13:59:45, 488, 2210, 2 
26/Jan/2017:13:59:45, 321, 1110, 1 
26/Jan/2017:13:59:45, 488, 2220, 2 
26/Jan/2017:13:59:45, 321, 1150, 1 
26/Jan/2017:13:59:45, 488, 2240, 2 
26/Jan/2017:13:59:45, 321, 1110, 1 
26/Jan/2017:13:59:45, 488, 2245, 2 
26/Jan/2017:13:59:45, 321, 1140, 1 
26/Jan/2017:13:59:45, 488, 2250, 2 
26/Jan/2017:13:59:45, 321, 1150, 1 
26/Jan/2017:13:59:45, 488, 2230, 2 
26/Jan/2017:13:59:45, 321, 1110, 1 
26/Jan/2017:13:59:45, 488, 2215, 2 
26/Jan/2017:13:59:45, 321, 1110, 1 
26/Jan/2017:13:59:45, 488, 2230, 2 
26/Jan/2017:13:59:45, 321, 1120, 1 
26/Jan/2017:13:59:45, 488, 2235, 2 
26/Jan/2017:13:59:45, 321, 1110, 1 
26/Jan/2017:13:59:45, 488, 2210, 2 
26/Jan/2017:13:59:45, 321, 1110, 1 
26/Jan/2017:13:59:45, 488, 2245, 2 
26/Jan/2017:13:59:45, 321, 1120, 1 
26/Jan/2017:13:59:45, 488, 225, 2 
26/Jan/2017:13:59:45, 321, 1150, 1 
26/Jan/2017:13:59:45, 488, 2220, 2 
26/Jan/2017:13:59:45, 958, 1140, 1 
26/Jan/2017:13:59:45, 102, 225, 2 
26/Jan/2017:13:59:45, 958, 1130, 1 
26/Jan/2017:13:59:45, 102, 2230, 2 
26/Jan/2017:13:59:45, 958, 1130, 1 
26/Jan/2017:13:59:45, 102, 2225, 2 
26/Jan/2017:13:59:45, 958, 1150, 1 
26/Jan/2017:13:59:45, 102, 225, 2 
26/Jan/2017:13:59:45, 958, 1120, 1 
26/Jan/2017:13:59:45, 102, 2240, 2 
26/Jan/2017:13:59:45, 958, 1140, 1 
26/Jan/2017:13:59:45, 102, 2215, 2 
26/Jan/2017:13:59:45, 873, 1140, 1 
26/Jan/2017:13:59:45, 266, 2210, 2 
26/Jan/2017:13:59:45, 873, 1130, 1 
26/Jan/2017:13:59:45, 266, 2220, 2 
26/Jan/2017:13:59:45, 873, 1150, 1 
26/Jan/2017:13:59:45, 266, 2225, 2 
26/Jan/2017:13:59:45, 873, 1150, 1 
26/Jan/2017:13:59:45, 266, 2235, 2 
26/Jan/2017:13:59:45, 873, 1130, 1 
26/Jan/2017:13:59:45, 266, 2215, 2 
26/Jan/2017:13:59:45, 873, 1120, 1 
26/Jan/2017:13:59:45, 266, 2230, 2 
26/Jan/2017:13:59:45, 873, 1140, 1 
26/Jan/2017:13:59:45, 266, 2235, 2 
26/Jan/2017:13:59:45, 231, 1120, 1 
26/Jan/2017:13:59:45, 812, 2240, 2 
26/Jan/2017:13:59:45, 231, 1120, 1 
26/Jan/2017:13:59:45, 812, 225, 2 
26/Jan/2017:13:59:45, 231, 1110, 1 
26/Jan/2017:13:59:45, 812, 2215, 2 
26/Jan/2017:13:59:45, 231, 1110, 1 
26/Jan/2017:13:59:45, 812, 2245, 2 
26/Jan/2017:13:59:45, 231, 1140, 1 
26/Jan/2017:13:59:45, 812, 2210, 2 
26/Jan/2017:13:59:45, 231, 1130, 1 
26/Jan/2017:13:59:45, 812, 225, 2 
26/Jan/2017:13:59:45, 231, 1110, 1 
26/Jan/2017:13:59:45, 812, 2230, 2 
26/Jan/2017:13:59:45, 231, 1130, 1 
26/Jan/2017:13:59:45, 812, 2250, 2 
26/Jan/2017:13:59:45, 231, 1140, 1 
26/Jan/2017:13:59:45, 812, 2235, 2 
26/Jan/2017:13:59:45, 231, 1140, 1 
26/Jan/2017:13:59:45, 812, 2250, 2 
26/Jan/2017:13:59:45, 231, 1150, 1 
26/Jan/2017:13:59:45, 812, 2245, 2 
26/Jan/2017:13:59:45, 231, 1140, 1 
26/Jan/2017:13:59:45, 812, 2210, 2 
26/Jan/2017:13:59:45, 231, 1120, 1 
26/Jan/2017:13:59:45, 812, 2215, 2 
26/Jan/2017:13:59:45, 231, 1130, 1 
26/Jan/2017:13:59:45, 812, 2210, 2 
26/Jan/2017:13:59:45, 231, 1110, 1 
26/Jan/2017:13:59:45, 812, 2245, 2 
26/Jan/2017:13:59:45, 231, 1110, 1 
26/Jan/2017:13:59:45, 812, 2235, 2 
26/Jan/2017:13:59:45, 231, 1110, 1 
26/Jan/2017:13:59:45, 812, 2240, 2 
26/Jan/2017:13:59:45, 343, 1120, 1 
26/Jan/2017:13:59:45, 395, 2210, 2 
26/Jan/2017:13:59:45, 343, 1110, 1 
26/Jan/2017:13:59:45, 395, 2250, 2 
26/Jan/2017:13:59:45, 343, 1130, 1 
26/Jan/2017:13:59:45, 395, 2245, 2 
26/Jan/2017:13:59:45, 343, 1120, 1 
26/Jan/2017:13:59:45, 395, 2220, 2 
26/Jan/2017:13:59:45, 343, 1120, 1 
26/Jan/2017:13:59:45, 395, 2215, 2 
26/Jan/2017:13:59:45, 343, 1110, 1 
26/Jan/2017:13:59:45, 395, 2240, 2 
26/Jan/2017:13:59:45, 343, 1140, 1 
26/Jan/2017:13:59:45, 395, 2245, 2 
26/Jan/2017:13:59:45, 343, 1130, 1 
26/Jan/2017:13:59:45, 395, 2235, 2 
26/Jan/2017:13:59:45, 343, 1110, 1 
26/Jan/2017:13:59:45, 395, 2235, 2 
26/Jan/2017:13:59:45, 343, 1120, 1 
26/Jan/2017:13:59:45, 395, 2250, 2 
26/Jan/2017:13:59:45, 343, 1110, 1 
26/Jan/2017:13:59:45, 395, 2210, 2 
26/Jan/2017:13:59:45, 343, 1120, 1 
26/Jan/2017:13:59:45, 395, 2235, 2 
26/Jan/2017:13:59:45, 343, 1110, 1 
26/Jan/2017:13:59:45, 395, 2220, 2 
26/Jan/2017:13:59:45, 343, 1120, 1 
26/Jan/2017:13:59:45, 395, 2225, 2 
26/Jan/2017:13:59:45, 661, 1130, 1 
26/Jan/2017:13:59:45, 530, 2245, 2 
26/Jan/2017:13:59:45, 661, 1150, 1 
26/Jan/2017:13:59:45, 530, 2220, 2 
26/Jan/2017:13:59:45, 761, 1120, 1 
26/Jan/2017:13:59:45, 508, 2245, 2 
26/Jan/2017:13:59:45, 761, 1130, 1 
26/Jan/2017:13:59:45, 508, 2235, 2 
26/Jan/2017:13:59:45, 761, 1140, 1 
26/Jan/2017:13:59:45, 508, 2250, 2 
26/Jan/2017:13:59:45, 761, 1120, 1 
26/Jan/2017:13:59:45, 508, 2245, 2 
26/Jan/2017:13:59:45, 761, 1120, 1 
26/Jan/2017:13:59:45, 508, 2240, 2 
26/Jan/2017:13:59:45, 952, 1150, 1 
26/Jan/2017:13:59:45, 140, 2250, 2 
26/Jan/2017:13:59:45, 952, 1110, 1 
26/Jan/2017:13:59:45, 140, 2230, 2 
26/Jan/2017:13:59:45, 952, 1110, 1 
26/Jan/2017:13:59:45, 140, 2230, 2 
26/Jan/2017:13:59:45, 952, 1110, 1 
26/Jan/2017:13:59:45, 140, 2220, 2 
26/Jan/2017:13:59:45, 952, 1110, 1 
26/Jan/2017:13:59:45, 140, 2210, 2 
26/Jan/2017:13:59:45, 952, 1120, 1 
26/Jan/2017:13:59:45, 140, 2210, 2 
26/Jan/2017:13:59:45, 952, 1140, 1 
26/Jan/2017:13:59:45, 140, 2235, 2 
26/Jan/2017:13:59:45, 952, 1140, 1 
26/Jan/2017:13:59:45, 140, 2250, 2 
26/Jan/2017:13:59:45, 952, 1130, 1 
26/Jan/2017:13:59:45, 140, 2230, 2 
26/Jan/2017:13:59:45, 952, 1150, 1 
26/Jan/2017:13:59:45, 140, 2250, 2 
26/Jan/2017:13:59:45, 952, 1130, 1 
26/Jan/2017:13:59:45, 140, 2245, 2 
26/Jan/2017:13:59:45, 952, 1130, 1 
26/Jan/2017:13:59:45, 140, 2220, 2 
26/Jan/2017:13:59:45, 952, 1110, 1 
26/Jan/2017:13:59:45, 140, 2210, 2 
26/Jan/2017:13:59:45, 952, 1150, 1 
26/Jan/2017:13:59:45, 140, 2240, 2 
26/Jan/2017:13:59:45, 952, 1110, 1 
26/Jan/2017:13:59:45, 140, 2250, 2 
26/Jan/2017:13:59:45, 952, 1130, 1 
26/Jan/2017:13:59:45, 140, 2230, 2 
26/Jan/2017:13:59:45, 952, 1140, 1 
26/Jan/2017:13:59:45, 140, 2245, 2 
26/Jan/2017:13:59:45, 952, 1110, 1 
26/Jan/2017:13:59:45, 140, 2210, 2 
26/Jan/2017:13:59:45, 952, 1130, 1 
26/Jan/2017:13:59:45, 140, 2220, 2 
26/Jan/2017:13:59:45, 393, 1110, 1 
26/Jan/2017:13:59:45, 250, 2225, 2 
26/Jan/2017:13:59:45, 393, 1150, 1 
26/Jan/2017:13:59:45, 250, 2250, 2 
26/Jan/2017:13:59:45, 393, 1150, 1 
26/Jan/2017:13:59:45, 250, 2235, 2 
26/Jan/2017:13:59:45, 393, 1120, 1 
26/Jan/2017:13:59:45, 250, 2230, 2 
26/Jan/2017:13:59:45, 393, 1130, 1 
26/Jan/2017:13:59:45, 250, 2225, 2 
26/Jan/2017:13:59:45, 393, 1150, 1 
26/Jan/2017:13:59:45, 250, 2215, 2 
26/Jan/2017:13:59:45, 393, 1120, 1 
26/Jan/2017:13:59:45, 250, 2245, 2 
26/Jan/2017:13:59:45, 393, 1150, 1 
26/Jan/2017:13:59:45, 250, 2245, 2 
26/Jan/2017:13:59:45, 393, 1120, 1 
26/Jan/2017:13:59:45, 250, 2215, 2 
26/Jan/2017:13:59:45, 393, 1110, 1 
26/Jan/2017:13:59:45, 250, 2225, 2 
26/Jan/2017:13:59:45, 393, 1120, 1 
26/Jan/2017:13:59:45, 250, 2230, 2 
26/Jan/2017:13:59:45, 463, 1110, 1 
26/Jan/2017:13:59:45, 824, 2240, 2 
26/Jan/2017:13:59:45, 463, 1120, 1 
26/Jan/2017:13:59:45, 824, 2240, 2 
26/Jan/2017:13:59:45, 110, 1120, 1 
26/Jan/2017:13:59:45, 248, 2250, 2 
26/Jan/2017:13:59:45, 110, 1130, 1 
26/Jan/2017:13:59:45, 248, 2245, 2 
26/Jan/2017:13:59:45, 110, 1110, 1 
26/Jan/2017:13:59:45, 248, 2250, 2 
26/Jan/2017:13:59:45, 110, 1150, 1 
26/Jan/2017:13:59:45, 248, 2220, 2 
26/Jan/2017:13:59:45, 110, 1110, 1 
26/Jan/2017:13:59:45, 248, 2215, 2 
26/Jan/2017:13:59:45, 833, 1110, 1 
26/Jan/2017:13:59:45, 223, 2215, 2 
26/Jan/2017:13:59:45, 833, 1110, 1 
26/Jan/2017:13:59:45, 223, 2240, 2 
26/Jan/2017:13:59:45, 833, 1130, 1 
26/Jan/2017:13:59:45, 223, 2245, 2 
26/Jan/2017:13:59:45, 470, 1130, 1 
26/Jan/2017:13:59:45, 916, 2250, 2 
26/Jan/2017:13:59:45, 470, 1150, 1 
26/Jan/2017:13:59:45, 916, 2220, 2 
26/Jan/2017:13:59:45, 175, 1140, 1 
26/Jan/2017:13:59:45, 36, 2245, 2 
26/Jan/2017:13:59:45, 175, 1110, 1 
26/Jan/2017:13:59:45, 36, 2220, 2 
26/Jan/2017:13:59:45, 175, 1150, 1 
26/Jan/2017:13:59:45, 36, 2250, 2 
26/Jan/2017:13:59:45, 175, 1110, 1 
26/Jan/2017:13:59:45, 36, 2210, 2 
26/Jan/2017:13:59:45, 175, 1120, 1 
26/Jan/2017:13:59:45, 36, 2210, 2 
26/Jan/2017:13:59:45, 175, 1150, 1 
26/Jan/2017:13:59:45, 36, 2250, 2 
26/Jan/2017:13:59:45, 175, 1140, 1 
26/Jan/2017:13:59:45, 36, 2225, 2 
26/Jan/2017:13:59:45, 175, 1150, 1 
26/Jan/2017:13:59:45, 36, 2225, 2 
26/Jan/2017:13:59:45, 175, 1150, 1 
26/Jan/2017:13:59:45, 36, 2225, 2 
26/Jan/2017:13:59:45, 175, 1150, 1 
26/Jan/2017:13:59:45, 36, 2245, 2 
26/Jan/2017:13:59:45, 175, 1130, 1 
26/Jan/2017:13:59:45, 36, 2250, 2 
26/Jan/2017:13:59:45, 175, 1140, 1 
26/Jan/2017:13:59:45, 36, 2220, 2 
26/Jan/2017:13:59:45, 175, 1120, 1 
26/Jan/2017:13:59:45, 36, 2240, 2 
26/Jan/2017:13:59:45, 175, 1130, 1 
26/Jan/2017:13:59:45, 36, 2250, 2 
26/Jan/2017:13:59:45, 175, 1120, 1 
26/Jan/2017:13:59:45, 36, 2225, 2 
26/Jan/2017:13:59:45, 175, 1110, 1 
26/Jan/2017:13:59:45, 36, 2245, 2 
26/Jan/2017:13:59:45, 175, 1150, 1 
26/Jan/2017:13:59:45, 36, 2215, 2 
26/Jan/2017:13:59:45, 175, 1130, 1 
26/Jan/2017:13:59:45, 36, 2240, 2 
26/Jan/2017:13:59:45, 175, 1130, 1 
26/Jan/2017:13:59:45, 36, 2220, 2 
26/Jan/2017:13:59:45, 175, 1150, 1 
26/Jan/2017:13:59:45, 36, 225, 2 
26/Jan/2017:13:59:45, 305, 1110, 1 
26/Jan/2017:13:59:45, 351, 2245, 2 
26/Jan/2017:13:59:45, 305, 1150, 1 
26/Jan/2017:13:59:45, 351, 2245, 2 
26/Jan/2017:13:59:45, 305, 1120, 1 
26/Jan/2017:13:59:45, 351, 2225, 2 
26/Jan/2017:13:59:45, 305, 1130, 1 
26/Jan/2017:13:59:45, 351, 2245, 2 
26/Jan/2017:13:59:45, 305, 1130, 1 
26/Jan/2017:13:59:45, 351, 2240, 2 
26/Jan/2017:13:59:45, 305, 1130, 1 
26/Jan/2017:13:59:45, 351, 2210, 2 
26/Jan/2017:13:59:45, 305, 1150, 1 
26/Jan/2017:13:59:45, 351, 2245, 2 
26/Jan/2017:13:59:45, 305, 1140, 1 
26/Jan/2017:13:59:45, 351, 2250, 2 
26/Jan/2017:13:59:45, 305, 1150, 1 
26/Jan/2017:13:59:45, 351, 225, 2 
26/Jan/2017:13:59:45, 305, 1130, 1 
26/Jan/2017:13:59:45, 351, 2235, 2 
26/Jan/2017:13:59:45, 305, 1130, 1 
26/Jan/2017:13:59:45, 351, 2220, 2 
26/Jan/2017:13:59:45, 305, 1140, 1 
26/Jan/2017:13:59:45, 351, 225, 2 
26/Jan/2017:13:59:45, 305, 1120, 1 
26/Jan/2017:13:59:45, 351, 2225, 2 
26/Jan/2017:13:59:45, 305, 1120, 1 
26/Jan/2017:13:59:45, 351, 225, 2 
26/Jan/2017:13:59:45, 305, 1140, 1 
26/Jan/2017:13:59:45, 351, 225, 2 
26/Jan/2017:13:59:45, 305, 1130, 1 
26/Jan/2017:13:59:45, 351, 2240, 2 
26/Jan/2017:13:59:45, 305, 1110, 1 
26/Jan/2017:13:59:45, 351, 2210, 2 
26/Jan/2017:13:59:45, 305, 1120, 1 
26/Jan/2017:13:59:45, 351, 2240, 2 
26/Jan/2017:13:59:45, 643, 1110, 1 
26/Jan/2017:13:59:45, 707, 2225, 2 
26/Jan/2017:13:59:45, 643, 1140, 1 
26/Jan/2017:13:59:45, 707, 2210, 2 
26/Jan/2017:13:59:45, 643, 1110, 1 
26/Jan/2017:13:59:45, 707, 2225, 2 
26/Jan/2017:13:59:45, 643, 1120, 1 
26/Jan/2017:13:59:45, 707, 2250, 2 
26/Jan/2017:13:59:45, 643, 1130, 1 
26/Jan/2017:13:59:45, 707, 2230, 2 
26/Jan/2017:13:59:45, 643, 1150, 1 
26/Jan/2017:13:59:45, 707, 2215, 2 
26/Jan/2017:13:59:45, 643, 1120, 1 
26/Jan/2017:13:59:45, 707, 2245, 2 
26/Jan/2017:13:59:45, 643, 1140, 1 
26/Jan/2017:13:59:45, 707, 2215, 2 
26/Jan/2017:13:59:45, 643, 1120, 1 
26/Jan/2017:13:59:45, 707, 2220, 2 
26/Jan/2017:13:59:45, 643, 1120, 1 
26/Jan/2017:13:59:45, 707, 2245, 2 
26/Jan/2017:13:59:45, 643, 1110, 1 
26/Jan/2017:13:59:45, 707, 2230, 2 
26/Jan/2017:13:59:45, 873, 1120, 1 
26/Jan/2017:13:59:45, 266, 2235, 2 
26/Jan/2017:13:59:45, 873, 1120, 1 
26/Jan/2017:13:59:45, 266, 2225, 2 
26/Jan/2017:13:59:45, 873, 1140, 1 
26/Jan/2017:13:59:45, 266, 2240, 2 
26/Jan/2017:13:59:45, 873, 1130, 1 
26/Jan/2017:13:59:45, 266, 2235, 2 
26/Jan/2017:13:59:45, 873, 1110, 1 
26/Jan/2017:13:59:45, 266, 2210, 2 
26/Jan/2017:13:59:45, 873, 1120, 1 
26/Jan/2017:13:59:45, 266, 2230, 2 
26/Jan/2017:13:59:45, 873, 1150, 1 
26/Jan/2017:13:59:45, 266, 2220, 2 
26/Jan/2017:13:59:45, 873, 1140, 1 
26/Jan/2017:13:59:45, 266, 2210, 2 
26/Jan/2017:13:59:45, 873, 1140, 1 
26/Jan/2017:13:59:45, 266, 225, 2 
26/Jan/2017:13:59:45, 873, 1120, 1 
26/Jan/2017:13:59:45, 266, 2210, 2 
26/Jan/2017:13:59:45, 873, 1110, 1 
26/Jan/2017:13:59:45, 266, 2220, 2 
26/Jan/2017:13:59:45, 873, 1150, 1 
26/Jan/2017:13:59:45, 266, 2235, 2 
26/Jan/2017:13:59:45, 873, 1150, 1 
26/Jan/2017:13:59:45, 266, 2225, 2 
26/Jan/2017:13:59:45, 873, 1150, 1 
26/Jan/2017:13:59:45, 266, 2210, 2 
26/Jan/2017:13:59:45, 873, 1150, 1 
26/Jan/2017:13:59:45, 266, 2250, 2 
26/Jan/2017:13:59:45, 873, 1130, 1 
26/Jan/2017:13:59:45, 266, 2210, 2 
26/Jan/2017:13:59:45, 873, 1130, 1 
26/Jan/2017:13:59:45, 266, 2225, 2 
26/Jan/2017:13:59:45, 873, 1130, 1 
26/Jan/2017:13:59:45, 266, 2220, 2 
26/Jan/2017:13:59:45, 873, 1150, 1 
26/Jan/2017:13:59:45, 266, 2215, 2 
26/Jan/2017:13:59:45, 873, 1130, 1 
26/Jan/2017:13:59:45, 266, 2225, 2 
26/Jan/2017:13:59:45, 214, 1150, 1 
26/Jan/2017:13:59:45, 577, 2215, 2 
26/Jan/2017:13:59:45, 369, 1150, 1 
26/Jan/2017:13:59:45, 801, 2250, 2 
26/Jan/2017:13:59:45, 369, 1150, 1 
26/Jan/2017:13:59:45, 801, 2240, 2 
26/Jan/2017:13:59:45, 369, 1120, 1 
26/Jan/2017:13:59:45, 801, 2240, 2 
26/Jan/2017:13:59:45, 369, 1120, 1 
26/Jan/2017:13:59:45, 801, 2225, 2 
26/Jan/2017:13:59:45, 369, 1110, 1 
26/Jan/2017:13:59:45, 801, 2220, 2 
26/Jan/2017:13:59:45, 369, 1130, 1 
26/Jan/2017:13:59:45, 801, 2230, 2 
26/Jan/2017:13:59:45, 369, 1150, 1 
26/Jan/2017:13:59:45, 801, 2220, 2 
26/Jan/2017:13:59:45, 369, 1120, 1 
26/Jan/2017:13:59:45, 801, 225, 2 
26/Jan/2017:13:59:45, 369, 1120, 1 
26/Jan/2017:13:59:45, 801, 2210, 2 
26/Jan/2017:13:59:45, 369, 1120, 1 
26/Jan/2017:13:59:45, 801, 2220, 2 
26/Jan/2017:13:59:45, 369, 1110, 1 
26/Jan/2017:13:59:45, 801, 2250, 2 
26/Jan/2017:13:59:45, 369, 1120, 1 
26/Jan/2017:13:59:45, 801, 225, 2 
26/Jan/2017:13:59:45, 369, 1120, 1 
26/Jan/2017:13:59:45, 801, 2235, 2 
26/Jan/2017:13:59:45, 369, 1110, 1 
26/Jan/2017:13:59:45, 801, 2215, 2 
26/Jan/2017:13:59:45, 369, 1130, 1 
26/Jan/2017:13:59:45, 801, 225, 2 
26/Jan/2017:13:59:45, 369, 1130, 1 
26/Jan/2017:13:59:45, 801, 2240, 2 
26/Jan/2017:13:59:45, 181, 1150, 1 
26/Jan/2017:13:59:45, 69, 2220, 2 
26/Jan/2017:13:59:45, 181, 1150, 1 
26/Jan/2017:13:59:45, 69, 2240, 2 
26/Jan/2017:13:59:45, 181, 1140, 1 
26/Jan/2017:13:59:45, 69, 225, 2 
26/Jan/2017:13:59:45, 181, 1130, 1 
26/Jan/2017:13:59:45, 69, 2225, 2 
26/Jan/2017:13:59:45, 181, 1140, 1 
26/Jan/2017:13:59:45, 69, 2230, 2 
26/Jan/2017:13:59:45, 181, 1140, 1 
26/Jan/2017:13:59:45, 69, 2210, 2 
26/Jan/2017:13:59:45, 181, 1130, 1 
26/Jan/2017:13:59:45, 69, 2235, 2 
26/Jan/2017:13:59:45, 181, 1110, 1 
26/Jan/2017:13:59:45, 69, 2220, 2 
26/Jan/2017:13:59:45, 683, 1120, 1 
26/Jan/2017:13:59:45, 981, 2240, 2 
26/Jan/2017:13:59:45, 476, 1120, 1 
26/Jan/2017:13:59:45, 558, 2230, 2 
26/Jan/2017:13:59:45, 476, 1140, 1 
26/Jan/2017:13:59:45, 558, 2235, 2 
26/Jan/2017:13:59:45, 476, 1120, 1 
26/Jan/2017:13:59:45, 558, 2210, 2 
26/Jan/2017:13:59:45, 476, 1110, 1 
26/Jan/2017:13:59:45, 558, 2235, 2 
26/Jan/2017:13:59:45, 476, 1150, 1 
26/Jan/2017:13:59:45, 558, 2235, 2 
26/Jan/2017:13:59:45, 476, 1130, 1 
26/Jan/2017:13:59:45, 558, 2225, 2 
26/Jan/2017:13:59:45, 476, 1150, 1 
26/Jan/2017:13:59:45, 558, 2210, 2 
26/Jan/2017:13:59:45, 419, 1140, 1 
26/Jan/2017:13:59:45, 770, 2240, 2 
26/Jan/2017:13:59:45, 419, 1110, 1 
26/Jan/2017:13:59:45, 770, 2210, 2 
26/Jan/2017:13:59:45, 419, 1130, 1 
26/Jan/2017:13:59:45, 770, 2240, 2 
26/Jan/2017:13:59:45, 419, 1140, 1 
26/Jan/2017:13:59:45, 770, 2225, 2 
26/Jan/2017:13:59:45, 419, 1120, 1 
26/Jan/2017:13:59:45, 770, 2225, 2 
26/Jan/2017:13:59:45, 419, 1120, 1 
26/Jan/2017:13:59:45, 770, 2230, 2 
26/Jan/2017:13:59:45, 539, 1140, 1 
26/Jan/2017:13:59:45, 284, 2240, 2 
26/Jan/2017:13:59:45, 539, 1150, 1 
26/Jan/2017:13:59:45, 284, 2220, 2 
26/Jan/2017:13:59:45, 539, 1140, 1 
26/Jan/2017:13:59:45, 284, 2250, 2 
26/Jan/2017:13:59:45, 539, 1130, 1 
26/Jan/2017:13:59:45, 284, 225, 2 
26/Jan/2017:13:59:45, 539, 1120, 1 
26/Jan/2017:13:59:45, 284, 2250, 2 
26/Jan/2017:13:59:45, 539, 1130, 1 
26/Jan/2017:13:59:45, 284, 2245, 2 
26/Jan/2017:13:59:45, 539, 1140, 1 
26/Jan/2017:13:59:45, 284, 2220, 2 
26/Jan/2017:13:59:45, 539, 1130, 1 
26/Jan/2017:13:59:45, 284, 2240, 2 
26/Jan/2017:13:59:45, 539, 1150, 1 
26/Jan/2017:13:59:45, 284, 2225, 2 
26/Jan/2017:13:59:45, 539, 1140, 1 
26/Jan/2017:13:59:45, 284, 2235, 2 
26/Jan/2017:13:59:45, 539, 1110, 1 
26/Jan/2017:13:59:45, 284, 2250, 2 
26/Jan/2017:13:59:45, 539, 1130, 1 
26/Jan/2017:13:59:45, 284, 2230, 2 
26/Jan/2017:13:59:45, 539, 1120, 1 
26/Jan/2017:13:59:45, 284, 2210, 2 
26/Jan/2017:13:59:45, 539, 1110, 1 
26/Jan/2017:13:59:45, 284, 2220, 2 
26/Jan/2017:13:59:45, 539, 1120, 1 
26/Jan/2017:13:59:45, 284, 2215, 2 
26/Jan/2017:13:59:45, 539, 1150, 1 
26/Jan/2017:13:59:45, 284, 2230, 2 
26/Jan/2017:13:59:45, 539, 1130, 1 
26/Jan/2017:13:59:45, 284, 225, 2 
26/Jan/2017:13:59:45, 539, 1150, 1 
26/Jan/2017:13:59:45, 284, 225, 2 
26/Jan/2017:13:59:45, 539, 1130, 1 
26/Jan/2017:13:59:45, 284, 2245, 2 
26/Jan/2017:13:59:45, 539, 1110, 1 
26/Jan/2017:13:59:45, 284, 2245, 2 
26/Jan/2017:13:59:45, 322, 1150, 1 
26/Jan/2017:13:59:45, 531, 2240, 2 
26/Jan/2017:13:59:45, 322, 1120, 1 
26/Jan/2017:13:59:45, 531, 2240, 2 
26/Jan/2017:13:59:45, 748, 1110, 1 
26/Jan/2017:13:59:45, 177, 2250, 2 
26/Jan/2017:13:59:45, 748, 1140, 1 
26/Jan/2017:13:59:45, 177, 2215, 2 
26/Jan/2017:13:59:45, 748, 1150, 1 
26/Jan/2017:13:59:45, 177, 225, 2 
26/Jan/2017:13:59:45, 691, 1110, 1 
26/Jan/2017:13:59:45, 874, 2230, 2 
26/Jan/2017:13:59:45, 691, 1150, 1 
26/Jan/2017:13:59:45, 874, 2235, 2 
26/Jan/2017:13:59:45, 691, 1130, 1 
26/Jan/2017:13:59:45, 874, 2245, 2 
26/Jan/2017:13:59:45, 691, 1120, 1 
26/Jan/2017:13:59:45, 874, 2250, 2 
26/Jan/2017:13:59:45, 691, 1110, 1 
26/Jan/2017:13:59:45, 874, 2225, 2 
26/Jan/2017:13:59:45, 691, 1110, 1 
26/Jan/2017:13:59:45, 874, 2245, 2 
26/Jan/2017:13:59:45, 691, 1150, 1 
26/Jan/2017:13:59:45, 874, 2215, 2 
26/Jan/2017:13:59:45, 691, 1140, 1 
26/Jan/2017:13:59:45, 874, 2240, 2 
26/Jan/2017:13:59:45, 831, 1150, 1 
26/Jan/2017:13:59:45, 270, 2215, 2 
26/Jan/2017:13:59:45, 831, 1140, 1 
26/Jan/2017:13:59:45, 270, 2235, 2 
26/Jan/2017:13:59:45, 868, 1130, 1 
26/Jan/2017:13:59:45, 539, 2230, 2 
26/Jan/2017:13:59:45, 868, 1110, 1 
26/Jan/2017:13:59:45, 539, 2210, 2 
26/Jan/2017:13:59:45, 248, 1130, 1 
26/Jan/2017:13:59:45, 171, 2225, 2 
26/Jan/2017:13:59:45, 248, 1150, 1 
26/Jan/2017:13:59:45, 171, 2225, 2 
26/Jan/2017:13:59:45, 248, 1130, 1 
26/Jan/2017:13:59:45, 171, 2220, 2 
26/Jan/2017:13:59:45, 423, 1120, 1 
26/Jan/2017:13:59:45, 402, 225, 2 
26/Jan/2017:13:59:45, 74, 1120, 1 
26/Jan/2017:13:59:45, 551, 2245, 2 
26/Jan/2017:13:59:45, 74, 1130, 1 
26/Jan/2017:13:59:45, 551, 2220, 2 
26/Jan/2017:13:59:45, 74, 1140, 1 
26/Jan/2017:13:59:45, 551, 2225, 2 
26/Jan/2017:13:59:45, 74, 1110, 1 
26/Jan/2017:13:59:45, 551, 2225, 2 
26/Jan/2017:13:59:45, 74, 1140, 1 
26/Jan/2017:13:59:45, 551, 2240, 2 
26/Jan/2017:13:59:45, 74, 1130, 1 
26/Jan/2017:13:59:45, 551, 2215, 2 
26/Jan/2017:13:59:45, 74, 1110, 1 
26/Jan/2017:13:59:45, 551, 2230, 2 
26/Jan/2017:13:59:45, 74, 1140, 1 
26/Jan/2017:13:59:45, 551, 2230, 2 
26/Jan/2017:13:59:45, 74, 1130, 1 
26/Jan/2017:13:59:45, 551, 2220, 2 
26/Jan/2017:13:59:45, 74, 1130, 1 
26/Jan/2017:13:59:45, 551, 2220, 2 
26/Jan/2017:13:59:45, 74, 1150, 1 
26/Jan/2017:13:59:45, 551, 225, 2 
26/Jan/2017:13:59:45, 74, 1130, 1 
26/Jan/2017:13:59:45, 551, 2210, 2 
26/Jan/2017:13:59:45, 74, 1110, 1 
26/Jan/2017:13:59:45, 551, 2230, 2 
